77.315925
18.313663
12.714042
8.368226
2.840254
5.129389
3.483870
2.826154
1.833261
1.694498
1.576177
2.535941
1.452579
1.451080
2.185723
1.747414
1.283105
1.268816
1.714909
1.452503
1.153240
1.127647
1.579833
1.112736
1.080378
1.292446
1.060503
1.009287
1.065230
1.010138
1.049716
1.178447
0.995034
0.969091
0.996352
0.971070
0.974286
1.124626
0.933310
1.097690
1.106525
1.141002
0.925340
0.929400
0.960667
0.887150
0.920888
1.077058
1.045801
1.092398
1.006180
1.073946
0.924586
1.080019
0.961830
0.994358
0.906107
1.021735
0.947329
1.035329
0.981730
1.063232
1.316161
0.990588
1.019226
0.949970
0.948944
1.100034
0.966059
1.091638
0.999885
1.046665
1.029438
0.991179
0.925870
0.924841
0.942572
1.024584
1.111228
0.957361
0.956354
0.967725
0.973549
0.870220
0.899692
0.938365
0.902228
0.952981
1.030418
1.229360
1.202895
0.908983
1.009805
1.259359
0.975732
1.060271
1.194240
1.000488
1.164270
1.195799
1.190426
1.189099
1.072090
1.087249
1.105581
1.158263
1.098591
1.182958
0.951619
0.967582
1.003685
0.941646
0.981826
0.969794
0.993577
0.926133
0.969738
1.038204
1.176403
1.177136
1.256005
1.193631
1.208362
0.958978
1.040883
1.067788
1.161433
1.050178
1.118373
1.159148
1.151078
1.119807
1.360327
1.358654
1.144066
1.205226
1.014896
0.926826
0.928360
0.963098
0.941387
0.948746
0.988081
0.930920
0.949217
0.947961
0.947529
0.949250
0.953618
1.002609
0.962115
1.014456
0.984164
0.995463
0.996872
0.997841
1.043654
1.014864
1.015629
1.028917
1.016449
1.036683
1.034346
1.074942
1.080524
1.065697
0.850378
0.912343
0.887960
0.861119
0.838391
0.870982
0.869885
0.973973
1.067369
1.145208
1.071340
1.114255
1.122718
1.118752
1.130292
1.093991
1.159261
1.268849
1.312790
1.442257
1.663177
1.848768
1.785296
2.168456
2.449697
2.954989
2.271792
1.788968
1.689054
1.394045
1.385228
1.441113
1.395551
1.429801
1.417016
1.396110
1.419663
1.416846
1.476612
1.439769
1.204354
1.205454
1.208863
1.231463
1.226799
1.287425
1.240358
1.250074
1.299321
1.264925
1.283997
1.296559
1.330275
1.285875
1.261728
1.043537
1.027492
1.094333
1.032632
1.055321
1.079756
1.056234
1.067586
1.100002
1.086109
1.112004
1.109166
1.079521
1.088333
1.105300
1.101102
1.077095
1.105783
1.100792
1.102496
1.106974
1.139102
1.098354
1.116110
1.116271
1.133158
1.122091
1.126697
0.895342
1.128841
1.091484
1.077962
1.085441
1.069204
1.093147
1.047977
1.139105
1.061274
1.109766
1.126321
1.100815
1.042147
1.113458
1.104075
1.116851
1.074067
1.115766
1.060611
1.125877
1.131632
1.095411
1.119438
1.103146
1.163588
1.181443
1.143788
1.105989
1.153413
1.142945
1.100750
1.129267
1.146418
1.121330
1.134535
1.153984
1.174666
1.156570
1.180503
1.173502
1.173937
1.166046
1.137829
1.134767
1.177156
1.159958
1.161512
1.184346
1.154282
1.172746
1.176707
1.197629
1.213842
1.174460
1.209823
1.179013
1.204787
1.181034
1.190657
1.233357
1.238160
1.230068
1.210713
1.243501
1.249190
1.202468
1.218991
1.305900
1.239939
1.276703
1.877786
1.995496
1.434599
1.451696
1.446809
1.443419
1.466051
1.485572
1.693872
2.771523
2.934450
2.375975
2.480628
3.437687
2.892643
2.509885
2.321359
2.364730
2.346067
2.345566
2.351909
2.434442
2.374818
2.502175
2.605433
2.884870
2.563074
2.649891
2.375619
2.479620
2.449075
2.394579
1.869204
1.901783
1.878542
1.907720
1.912145
1.911145
1.928584
1.894839
1.945925
1.927107
1.934848
1.948432
1.933383
1.972145
1.952355
1.932909
1.955398
1.958504
1.997906
1.962574
1.980834
1.959983
1.989680
1.996537
1.993330
1.996944
2.020733
2.043417
2.028783
2.026425
2.029152
2.021730
2.037211
2.120465
2.065508
2.036324
2.024127
2.066102
2.076821
2.065189
2.073787
2.083158
2.095681
2.076792
2.073897
2.100059
2.122119
2.100994
2.113256
2.095904
2.105003
2.103060
2.127441
2.136698
2.141406
2.145612
2.155018
2.146133
2.177850
2.172783
2.150519
2.168319
2.338585
2.214164
2.180159
2.279903
2.215325
2.218949
2.200066
2.204906
2.216713
2.232366
2.230359
2.211237
2.231797
2.220329
2.237386
2.242429
2.245767
2.245644
2.273775
2.266484
2.298592
2.269482
2.263617
2.276879
2.279327
2.286138
2.294047
2.271907
2.297530
2.306047
2.311567
2.314765
2.313733
2.315425
2.349383
2.327589
2.333610
2.339148
2.351374
2.345073
2.389965
2.360214
2.370301
2.387243
2.394717
2.384800
2.393554
2.387262
2.408285
2.397340
2.423384
2.405891
2.417349
2.414323
2.442982
2.447627
2.436335
2.435360
2.456229
2.451502
2.485062
2.458554
2.495440
2.459652
2.482644
2.488533
2.489086
2.632409
2.810513
2.772477
2.755870
3.197562
2.077051
1.854396
1.738027
1.748101
1.735799
1.749012
1.684941
1.395400
1.402062
1.393734
1.405937
1.396971
1.405489
0.831007
0.829453
0.811651
0.859680
0.824992
0.865321
0.891630
0.834890
0.847684
0.868946
0.829707
0.844286
0.832571
0.951116
1.063736
1.158388
1.072213
1.147962
1.221282
1.045294
1.230201
1.058397
1.144067
1.138132
1.150011
1.099046
1.201330
1.174298
1.151316
1.045293
1.520453
1.167479
1.147868
1.187017
1.086126
1.227469
1.083007
1.171898
1.290672
1.259403
1.193547
1.106874
1.241959
1.139970
1.163097
1.267353
1.148166
1.164086
1.166075
1.179209
1.242054
1.251174
1.224781
1.286728
1.333290
1.253472
1.311443
1.318392
1.254888
1.252592
1.285617
1.294282
1.257567
1.326192
1.338662
1.251527
1.282832
1.221264
1.305244
1.287764
1.328537
1.268457
1.296012
1.336836
1.283617
1.387344
1.310366
1.252533
1.337285
1.436132
1.344005
1.365723
1.301662
1.316247
1.361927
1.304868
1.351711
1.318358
1.299474
1.368042
1.397546
1.314872
1.403909
1.385351
1.360566
1.331439
1.350796
1.369750
1.401774
1.371706
1.360188
1.388381
1.390087
1.375998
1.452603
1.394384
1.409193
1.392158
1.424655
1.462282
1.408053
1.375267
1.390809
1.390474
1.382937
1.424861
1.441822
1.422464
1.451545
1.396002
1.465054
1.400655
1.406908
1.427430
1.427142
1.443295
1.427751
1.490633
1.398183
1.421787
1.429475
1.418670
1.426404
1.473684
1.434647
1.450123
1.468279
1.445098
1.446797
1.467915
1.506356
1.437297
1.475103
1.442895
1.476165
1.452295
1.492521
1.487513
1.443273
1.511295
1.457149
1.463558
1.469932
1.549914
1.455818
1.465547
1.469752
1.486809
1.474030
1.476866
1.500141
1.489591
1.495400
1.493274
1.506160
1.520133
1.548312
1.547043
1.508134
1.525128
1.535662
1.550201
1.516475
1.538750
1.500850
1.569570
1.515916
1.525656
1.533287
1.532783
1.542230
1.513497
1.527821
1.548592
1.549051
1.547669
1.591123
1.536527
1.566068
1.534081
1.541268
1.557282
1.857972
1.597247
2.094439
1.865976
1.547187
1.538710
1.538381
1.547324
1.531690
1.781840
1.841435
1.872662
1.861621
1.878076
1.853662
1.855384
1.850929
2.070736
2.002104
1.956519
2.192579
1.935784
2.554287
3.163376
3.003619
2.928668
3.150493
3.185227
3.178015
2.735149
2.540360
2.478641
2.267742
2.262521
2.314395
2.300640
2.294743
2.331569
2.296804
2.317613
2.322373
2.337606
2.310525
2.300422
2.302410
2.331925
2.341466
2.349291
2.323186
2.341011
2.339792
2.350652
2.344716
2.350929
2.350377
2.375743
2.367418
2.377776
2.372613
2.375364
2.370791
2.406214
2.421662
2.405187
2.392423
2.368896
2.405442
2.425182
2.426913
2.441354
2.442273
2.436576
2.395594
2.412254
2.436328
2.472304
2.441343
2.460613
2.431400
2.452047
2.463318
2.482337
2.541612
2.499515
2.471875
2.465745
2.507497
2.513359
2.498599
2.545383
2.540772
2.517184
2.499849
2.519868
2.500599
2.546347
2.558085
2.567593
2.549433
2.554806
2.515885
2.548283
2.566937
2.568828
2.560140
2.530338
2.575818
2.609209
2.616801
2.610562
2.570721
2.619525
2.614997
2.648800
2.612754
2.610208
2.581823
2.604056
2.652738
2.670373
2.662822
2.657284
2.645904
2.647513
2.657280
2.657673
2.670891
2.671513
2.682127
2.692426
2.686176
2.718889
2.761048
2.711020
2.653686
2.700965
2.727020
2.744146
2.734798
2.738869
2.714202
2.734784
2.760360
2.796128
2.748159
2.758031
2.740754
2.771115
2.840681
4.091952
4.371017
4.500508
2.613492
2.269768
1.935001
1.916681
1.925573
1.953811
1.957841
1.953151
1.976751
1.996729
1.596769
1.752054
1.768002
1.659109
1.610848
1.594743
1.597341
1.591493
1.595741
1.617229
1.622421
1.626896
1.631316
1.611266
1.600417
1.614801
1.628978
1.633195
1.661338
1.637016
1.661878
1.624799
1.631408
1.676062
1.734901
1.645922
1.667018
1.666044
1.676335
1.670810
1.672412
1.668069
1.661385
1.653335
1.674023
1.724911
1.682956
1.668548
1.670626
1.679487
1.678883
1.683535
1.696589
1.684858
1.658863
1.692857
1.692863
1.705866
1.689280
1.710073
1.721612
1.727600
1.741018
1.808855
1.716447
1.723687
1.719348
1.741850
1.739513
1.768328
1.739606
1.712145
1.743183
1.746435
1.758281
1.733582
1.775277
1.758596
1.738104
1.771500
1.789115
1.807552
1.794277
1.783000
1.748912
1.785987
1.801676
1.817580
1.804980
1.808774
1.793025
1.826186
1.831752
1.834531
1.845145
1.822186
1.866241
1.844415
1.832876
1.849361
1.864450
1.872050
1.847152
1.840287
1.864911
1.869699
1.880104
1.870973
1.854428
1.857968
1.874267
1.870986
1.891766
1.920594
1.899681
1.887910
1.852414
1.907108
1.888809
1.894202
1.924487
1.924636
1.947421
1.888411
1.911171
1.915873
1.929921
1.915916
1.943196
1.927327
1.926988
1.936307
1.941029
1.966144
1.956689
1.951855
1.913914
1.958767
1.983019
1.995790
1.990137
1.968620
1.968416
1.967025
2.000245
2.017979
2.010802
1.995696
1.989038
2.010410
2.032476
2.024901
2.006483
1.971095
2.001652
2.018558
2.005456
