77.281784
18.278501
12.677444
8.334548
2.806459
5.096261
3.444917
2.790527
1.799023
1.658814
1.536917
2.500647
1.418528
1.417219
2.152352
1.713158
1.249923
1.234150
1.680985
1.417897
1.119803
1.094157
1.543163
1.076191
1.045955
1.256622
1.026103
0.967335
1.031080
0.971450
1.015642
1.143531
0.958636
0.936049
0.959527
0.933770
0.938539
1.087507
0.893214
1.064036
1.073473
1.106680
0.891778
0.896249
0.926386
0.853070
0.888453
1.042721
0.998655
1.055395
0.971416
1.039846
0.884820
1.046508
0.925726
0.961287
0.873021
0.987845
0.912514
1.002463
0.947035
1.023965
1.266101
0.953599
0.986420
0.916501
0.915905
1.065998
0.932566
1.057456
0.965362
1.011645
0.989287
0.952435
0.891531
0.891796
0.907885
0.991076
1.066723
0.922724
0.922756
0.934005
0.939731
0.836273
0.867006
0.904646
0.867633
0.919516
0.992851
1.177398
1.160900
0.874374
0.972246
1.219389
0.942236
1.022551
1.155152
0.966490
1.125660
1.151580
1.147994
1.144852
1.029910
1.035131
1.057424
1.116901
1.055154
1.143909
0.918386
0.934150
0.969349
0.907324
0.948563
0.936583
0.960637
0.893148
0.936135
0.999261
1.134119
1.134769
1.213417
1.151798
1.169869
0.925679
1.002525
1.025929
1.116831
1.007175
1.073578
1.116475
1.108870
1.076956
1.314080
1.309554
1.101905
1.162725
0.977046
0.892612
0.895063
0.928514
0.907604
0.914815
0.953957
0.896589
0.914483
0.913550
0.913858
0.916493
0.919771
0.969036
0.927884
0.980483
0.950418
0.953998
0.963929
0.963043
1.008859
0.980209
0.981287
0.994274
0.982685
1.002536
1.000123
1.040682
1.043343
1.028496
0.807435
0.876926
0.847951
0.827318
0.804746
0.838361
0.835119
0.936792
1.025022
1.099421
1.029145
1.066763
1.081169
1.073401
1.088153
1.048771
1.110736
1.223309
1.262882
1.386660
1.602470
1.786030
1.721572
2.097834
2.367587
2.875435
2.195672
1.725921
1.633110
1.340265
1.335042
1.389724
1.345541
1.379010
1.364794
1.344762
1.368718
1.368606
1.423713
1.394626
1.160969
1.161854
1.166083
1.188463
1.176849
1.242892
1.197596
1.207154
1.256718
1.218089
1.240775
1.251348
1.281636
1.242199
1.222908
1.009754
0.993547
1.053659
0.999946
1.021528
1.041307
1.022273
1.033509
1.064967
1.051839
1.076630
1.072934
1.045280
1.054495
1.069933
1.065901
1.043182
1.057123
1.058691
1.066826
1.073049
1.105384
1.062696
1.083108
1.081070
1.099197
1.087923
1.092791
0.856771
1.084872
1.039101
1.034545
1.030517
1.023386
1.036299
0.995791
1.093814
1.019034
1.066329
1.082602
1.056440
1.000873
1.070041
1.045506
1.073574
1.028749
1.066605
1.016651
1.081186
1.087859
1.045142
1.073038
1.048719
1.119812
1.129353
1.100124
1.060280
1.103664
1.100336
1.056711
1.087308
1.103212
1.077927
1.089681
1.110865
1.131557
1.113258
1.133128
1.129927
1.130569
1.122568
1.092914
1.091756
1.133533
1.116203
1.118520
1.143081
1.111417
1.131003
1.133075
1.150298
1.163738
1.130660
1.167086
1.135929
1.160996
1.138395
1.147559
1.189309
1.194887
1.181869
1.167522
1.200071
1.206187
1.160255
1.170314
1.262669
1.197126
1.233665
1.830155
1.936145
1.383734
1.399168
1.398817
1.393153
1.414094
1.435176
1.637872
2.698056
2.853764
2.298328
2.392627
3.354152
2.812370
2.428444
2.242423
2.288360
2.268317
2.266398
2.272739
2.353537
2.296568
2.423427
2.509929
2.803328
2.470197
2.522246
2.291013
2.402374
2.368817
2.323302
1.806449
1.840824
1.814750
1.843429
1.851053
1.850274
1.867700
1.830607
1.882026
1.866997
1.874185
1.880098
1.871898
1.908636
1.890755
1.866216
1.891617
1.896966
1.936529
1.901743
1.914577
1.895752
1.923617
1.933456
1.926099
1.930316
1.955372
1.973688
1.965438
1.966462
1.967475
1.961567
1.974686
2.057664
2.004390
1.974824
1.963664
1.997908
2.008810
2.002706
2.012198
2.023113
2.033651
2.014398
2.013243
2.038974
2.060951
2.032707
2.051612
2.032960
2.042565
2.038879
2.066799
2.071702
2.078586
2.082492
2.092386
2.085566
2.117798
2.107311
2.087457
2.102403
2.271641
2.154074
2.118972
2.216592
2.153259
2.152897
2.134128
2.137864
2.153041
2.171017
2.161470
2.150139
2.167670
2.156524
2.174369
2.181863
2.184236
2.184169
2.210749
2.195078
2.234847
2.202584
2.201751
2.213695
2.216284
2.224400
2.232828
2.211147
2.237192
2.245507
2.250714
2.251537
2.253196
2.251496
2.287956
2.264277
2.271256
2.276817
2.288169
2.282156
2.328788
2.296229
2.309891
2.326386
2.329461
2.323505
2.332479
2.325955
2.345067
2.335714
2.362079
2.345815
2.357693
2.354040
2.383093
2.384411
2.374753
2.374704
2.395230
2.389930
2.425546
2.396858
2.434030
2.395908
2.422374
2.425218
2.427210
2.567701
2.745381
2.710444
2.692814
3.141537
2.026789
1.807836
1.695390
1.705905
1.694352
1.707173
1.647215
1.361218
1.367663
1.359663
1.372283
1.363491
1.371035
0.796131
0.795250
0.774595
0.825534
0.789151
0.823689
0.856348
0.799229
0.812059
0.834246
0.795666
0.810490
0.798446
0.912245
1.020062
1.110978
1.027770
1.100639
1.177824
0.998358
1.175675
1.014796
1.096149
1.094252
1.106427
1.038753
1.156159
1.131837
1.108152
1.002682
1.462355
1.123583
1.104883
1.142706
1.042083
1.182240
1.040236
1.116869
1.247649
1.215121
1.146898
1.061378
1.198326
1.097030
1.117479
1.222880
1.104410
1.120685
1.117926
1.136493
1.198739
1.207543
1.180701
1.243243
1.290453
1.209622
1.262115
1.267568
1.212152
1.209638
1.242211
1.251150
1.214368
1.282429
1.295189
1.199217
1.239292
1.177495
1.262067
1.244928
1.282233
1.225565
1.252318
1.293426
1.240602
1.343765
1.267359
1.210439
1.294229
1.392980
1.300690
1.321020
1.258006
1.273825
1.318681
1.263061
1.307141
1.272704
1.258262
1.325121
1.354169
1.272178
1.361294
1.342272
1.317458
1.288162
1.307735
1.327304
1.358764
1.328615
1.317252
1.345629
1.337076
1.333205
1.409911
1.350830
1.365272
1.348779
1.381933
1.419131
1.364524
1.331933
1.347997
1.347678
1.340009
1.382139
1.398608
1.378965
1.408774
1.353248
1.422165
1.357696
1.364303
1.384749
1.382933
1.400912
1.384374
1.446780
1.355454
1.379068
1.386738
1.374683
1.383639
1.429391
1.391755
1.405966
1.424652
1.402624
1.404241
1.424153
1.463240
1.394434
1.430382
1.400073
1.432677
1.409490
1.449585
1.443898
1.396073
1.468192
1.414396
1.421041
1.427126
1.506898
1.412478
1.422144
1.427248
1.444463
1.431127
1.434062
1.456168
1.445960
1.452537
1.448853
1.463197
1.477456
1.505206
1.502982
1.465028
1.482258
1.492242
1.507228
1.472536
1.495486
1.457738
1.520044
1.465150
1.483222
1.490303
1.490140
1.499460
1.470455
1.485188
1.505821
1.506444
1.503638
1.547545
1.493283
1.523370
1.491070
1.497425
1.514494
1.815087
1.553959
2.032164
1.818198
1.504386
1.495441
1.494598
1.504013
1.488562
1.735069
1.792070
1.823774
1.809827
1.828757
1.804170
1.805479
1.792064
2.015377
1.950072
1.903929
2.145188
1.886350
2.495141
3.096604
2.940893
2.867140
3.090585
3.117503
3.120320
2.680519
2.482752
2.415840
2.212361
2.206613
2.257818
2.243884
2.238289
2.276248
2.235464
2.260882
2.262885
2.280989
2.252289
2.244376
2.245861
2.274193
2.284389
2.292758
2.265972
2.284810
2.281673
2.294550
2.288277
2.294849
2.293386
2.319757
2.310965
2.320919
2.314378
2.320167
2.313701
2.349729
2.364244
2.348691
2.335453
2.309120
2.348900
2.369233
2.370625
2.384877
2.383888
2.380207
2.339705
2.355037
2.376729
2.410363
2.383993
2.404052
2.374339
2.395519
2.407463
2.423579
2.484390
2.436528
2.414282
2.408512
2.450873
2.451819
2.441549
2.481905
2.483878
2.454204
2.442660
2.457796
2.442988
2.488724
2.501835
2.506078
2.491987
2.498484
2.459485
2.490878
2.510105
2.506345
2.503318
2.473814
2.519464
2.550389
2.561260
2.554450
2.513225
2.557275
2.557459
2.591844
2.556401
2.554798
2.526106
2.548231
2.597590
2.614563
2.604053
2.598888
2.588708
2.585356
2.600199
2.599956
2.615295
2.613468
2.625916
2.627056
2.626349
2.659038
2.704887
2.652709
2.597416
2.644831
2.668896
2.687984
2.678378
2.682932
2.658051
2.677675
2.703248
2.735029
2.691908
2.701320
2.685199
2.703590
2.780161
4.023670
4.292463
4.435721
2.561274
2.226651
1.896518
1.878825
1.887569
1.915874
1.919765
1.915519
1.938643
1.961681
1.566764
1.720717
1.734786
1.629271
1.579640
1.563543
1.566097
1.560353
1.564768
1.586119
1.591234
1.595807
1.599836
1.580218
1.569281
1.583914
1.597867
1.602309
1.629926
1.599753
1.630715
1.593568
1.594122
1.644249
1.703699
1.608736
1.635710
1.634934
1.644945
1.639989
1.641075
1.630747
1.630348
1.621245
1.636595
1.693569
1.651492
1.638526
1.639429
1.648361
1.647779
1.652634
1.665649
1.652051
1.628031
1.661634
1.661477
1.674846
1.654997
1.672305
1.690385
1.696445
1.703688
1.777256
1.685052
1.692327
1.688291
1.710685
1.708173
1.737023
1.708562
1.680728
1.712109
1.715394
1.726908
1.702480
1.744161
1.727209
1.707258
1.740317
1.752005
1.776595
1.763164
1.751717
1.718054
1.753982
1.764257
1.786510
1.773428
1.777792
1.761906
1.795298
1.800883
1.804215
1.814077
1.784745
1.834576
1.813309
1.801956
1.817167
1.833452
1.840932
1.816012
1.809309
1.833629
1.838725
1.849212
1.839550
1.823132
1.826896
1.843111
1.840048
1.860114
1.882146
1.868789
1.856618
1.821381
1.875821
1.857612
1.862777
1.893498
1.893846
1.916405
1.856958
1.880033
1.884041
1.898751
1.885006
1.912027
1.895429
1.896166
1.904612
1.909928
1.934500
1.924893
1.920824
1.882842
1.921673
1.951827
1.964704
1.959084
1.937422
1.937486
1.935951
1.969520
1.986974
1.979934
1.964318
1.957819
1.979566
2.001593
1.993927
1.975309
1.939761
1.970664
1.987630
1.974631
