5.270693
4.862372
5.216479
4.745696
5.275573
4.840772
5.225239
4.753068
5.214951
4.714173
5.386654
4.831462
5.227724
4.863190
5.256384
4.774375
5.223991
4.824692
5.269914
4.754300
5.239199
4.795908
5.220634
4.717294
5.253128
4.922472
5.345283
4.794755
5.247288
4.799211
5.295575
4.857107
5.263795
4.695480
5.293039
4.728764
5.266070
4.763859
5.257718
4.606088
5.359131
4.845945
5.259066
4.615830
5.287632
4.785610
5.283682
4.722714
5.299084
4.631821
5.274276
4.740020
5.332039
4.761165
5.259300
4.713252
5.338434
4.630332
5.326286
4.571259
5.274224
4.860756
5.254042
4.796350
5.309539
4.614838
5.265315
4.761564
5.280996
4.795457
5.292935
4.760246
5.377452
4.791302
5.275298
4.712096
5.293245
4.710846
5.245860
4.659514
5.291304
4.785103
5.246339
4.765522
5.306274
4.652467
5.295662
4.666345
5.408397
4.787902
5.279619
4.727256
5.261501
4.742022
5.340507
4.605146
5.248247
4.743784
5.318497
4.724838
5.288888
4.623181
5.276400
4.863584
5.390761
4.754920
5.269812
4.696586
5.349006
4.584899
5.254882
4.724604
5.303110
4.613150
5.258412
4.659779
5.312074
4.694209
5.249285
4.687456
5.391824
4.923681
5.284283
4.741527
5.267806
4.624380
5.305473
4.668967
5.321861
4.749465
5.317051
4.641337
5.349071
4.687074
5.231293
4.688791
5.300757
4.719835
5.271536
4.802061
5.248830
4.778842
5.275237
4.662428
5.228663
4.694932
5.224818
4.744170
5.264053
4.836528
5.216409
4.751015
5.470819
4.793847
5.229541
4.796698
5.242405
4.664957
5.263163
4.764294
5.229128
4.757258
5.230799
4.874811
5.308958
4.783740
5.230406
4.862198
5.340719
4.655000
5.215085
4.689576
5.263809
4.847363
5.230724
4.859627
5.323291
4.780036
5.221198
4.695045
5.254470
4.813170
5.220419
4.826289
5.305220
4.787880
5.256926
4.731171
5.256719
4.784552
5.244908
4.723266
5.206181
4.802831
5.256884
4.898208
5.245542
4.784582
5.244462
4.795231
5.304630
4.728729
5.259955
4.740385
5.225777
4.732690
5.270349
4.741889
5.223571
4.650653
5.267678
4.815971
5.245312
4.750067
5.247571
4.747116
5.267871
4.735817
5.224063
4.554965
5.247167
4.750392
5.224099
4.777181
5.217162
4.915355
5.295472
4.802873
5.304032
4.657866
5.300528
4.717514
5.321750
4.738838
5.323792
4.699909
5.256699
4.736166
5.277146
4.676841
5.248717
4.771740
5.297435
4.779040
5.255618
4.762812
5.331134
4.745598
5.273791
4.793069
5.298279
4.848318
5.272902
4.772431
5.267872
4.675973
5.290905
4.763403
5.273537
4.769534
5.294221
4.742797
5.284417
4.817732
5.266063
4.729655
5.313740
4.717132
5.250141
4.702264
5.282712
4.644723
5.270383
4.774899
5.250216
4.839037
5.300582
4.790610
5.346339
4.878048
5.239241
4.687902
5.306040
4.995712
5.354803
4.620401
5.278579
4.735733
5.281702
4.629433
5.330846
4.790772
5.244611
4.734339
5.464746
4.657296
5.281620
4.645808
5.290000
4.683689
5.300663
4.717261
5.258753
4.718180
5.260625
4.748184
5.355384
4.731576
5.259174
4.795721
5.425717
4.778571
5.324817
4.658129
5.295464
4.701114
5.237073
4.828348
5.301226
4.708045
5.232967
4.796511
5.239911
4.683593
5.260410
4.855746
5.441225
4.674116
5.217727
4.774134
5.349505
4.647003
5.215592
4.690997
5.247917
4.820668
5.231540
4.840053
5.253474
4.716760
5.224646
4.815008
5.402518
4.760302
5.241159
4.761102
5.294098
4.659040
5.281073
4.772651
5.215985
4.698271
5.235581
4.811731
5.288002
4.817322
5.250720
4.617327
5.344734
4.873842
5.219038
4.763545
5.229655
4.790730
5.267729
4.736307
5.259033
4.834578
5.221201
4.830386
5.242361
4.689673
5.217233
4.836271
5.318220
4.844758
5.220573
4.834825
5.300943
4.829461
5.237427
4.790728
5.227789
4.743171
5.258021
4.716734
5.230102
4.817508
5.267206
4.956980
5.308891
4.670104
5.211844
4.805793
5.256191
4.695708
5.294090
4.763233
5.224689
4.706419
5.227251
4.911208
5.304742
4.748050
5.262349
4.816970
5.296168
4.743653
5.252845
4.542124
5.282055
4.693052
5.302437
4.873303
5.281627
4.680598
5.273391
4.714369
5.298328
4.734999
5.269271
4.777977
5.238998
4.589212
5.295658
4.865912
5.272914
4.689464
5.263075
4.815923
5.287694
4.702250
5.298696
4.733412
5.300108
4.810020
5.274907
4.830152
5.277298
4.688932
5.288239
4.711872
5.262465
4.751076
5.310584
4.634521
5.336902
4.832245
5.321778
4.739622
5.323403
4.798766
5.398456
4.789434
5.288612
4.756092
5.266169
4.662424
5.295083
4.733646
5.280748
4.744634
5.252722
4.721469
5.307495
4.750104
5.272287
4.749461
5.352583
4.887946
5.339660
4.699578
5.328399
4.612338
5.277333
4.804092
5.282877
4.797080
5.251735
4.620573
5.285782
4.792736
5.267843
4.853077
5.458840
4.748978
5.328317
4.710168
5.358471
4.858747
5.241927
4.794396
5.233280
4.699066
5.235932
4.813747
5.325977
4.691535
5.254042
4.796335
5.285418
4.790986
5.249872
4.705998
5.226039
4.805650
5.301707
4.716549
5.298011
4.870707
5.269274
4.794734
5.231645
4.682168
5.240705
4.762921
5.364500
4.693826
5.246295
4.802408
5.259033
4.799614
5.258000
4.786717
5.240959
4.866112
5.266625
4.752976
5.226172
4.786733
5.245898
4.693419
5.358635
4.660914
5.222233
4.805458
5.251631
4.803571
5.234543
4.643892
5.236867
4.804511
5.240978
4.779170
5.289514
4.781158
5.300347
4.703155
5.283890
4.639578
5.232331
4.790296
5.268358
4.707676
5.263071
4.781573
5.341739
4.705150
5.231950
4.699525
5.233651
4.877222
5.223900
4.789293
5.310635
4.696446
5.256285
4.767291
5.220841
4.810638
5.265054
4.717482
5.259899
4.830609
5.216735
4.790050
5.268143
4.840528
5.248002
4.907745
5.371587
4.724200
5.259146
4.627271
5.246361
4.755996
5.294697
4.745558
5.278214
4.658332
5.295179
4.807167
5.262124
4.762990
5.265249
4.831469
5.321255
4.720597
5.290705
4.725837
5.235760
4.731747
5.328718
4.703277
5.272910
4.730894
5.291028
4.773490
5.279403
4.719108
5.301109
4.694317
5.351468
4.778478
5.266075
4.834684
5.286090
4.698202
5.269433
4.838703
5.285376
4.631210
5.268836
4.740874
5.290506
4.491500
5.269776
4.829864
5.253801
4.786920
5.312987
4.800817
5.303853
4.770891
5.371940
4.666724
5.254314
4.683368
5.271629
4.708373
5.298014
4.579550
5.320493
4.750751
5.244766
4.698526
5.294237
4.780223
5.283051
4.709931
5.279741
4.858547
5.295390
4.677068
5.301272
4.599509
5.293730
4.830448
5.366549
4.746206
5.247172
4.793579
5.322599
4.697367
5.282464
4.731158
5.278454
4.720075
5.269212
4.724947
5.253030
4.747713
5.305971
4.876116
5.383226
4.884023
5.266374
4.608853
5.278321
4.835269
5.218447
4.869162
5.244383
4.829959
5.264171
4.804208
5.274066
4.695487
5.234787
4.712883
5.328371
4.808448
5.210032
4.793315
5.180247
4.806993
5.227472
4.779222
5.302343
4.777665
5.231366
4.648250
5.301992
4.688961
5.265366
4.849887
5.295756
4.792089
5.264590
4.804168
5.290954
4.701069
5.239629
4.820764
5.216824
4.722182
5.236087
4.754068
5.247121
4.796615
5.230407
4.739709
5.433438
4.716859
5.215407
4.818205
5.256823
4.743255
5.241803
4.713863
5.210802
4.831049
5.277300
4.830278
5.220436
4.737756
5.258255
4.795148
5.330168
4.771814
5.364186
4.760842
5.250486
4.751277
5.267428
4.808069
5.209571
4.753281
5.248685
4.784554
5.224640
4.737473
5.313274
4.794422
5.313339
4.773796
5.276415
4.789606
5.272521
4.682762
5.285678
4.623785
5.283326
4.624138
5.255356
4.764536
5.336650
4.719394
5.275543
4.771176
5.279678
4.808061
5.303044
4.707689
5.263625
4.610517
5.299819
4.692857
5.266783
4.637019
5.258811
4.708758
5.295405
4.794877
5.268875
4.752333
5.318457
4.656530
5.315018
4.780379
5.277259
4.641500
5.301109
4.705439
5.306817
4.690823
5.307018
4.803953
5.270525
4.771685
5.317681
4.833608
5.252873
4.727744
5.285407
4.666513
5.271651
4.765852
5.308027
4.716861
5.254298
4.736830
5.274771
4.750789
5.285965
4.636355
5.325433
4.819189
5.302946
4.626365
5.303760
4.639465
5.265861
4.682630
5.314594
4.677262
5.268163
4.687847
5.264587
4.812375
5.278706
4.728739
5.280082
4.681592
5.295271
4.712395
5.297864
4.865290
5.286775
4.727679
5.252046
4.772392
5.329830
4.806579
5.253683
4.718792
5.318542
4.794725
5.350392
4.802659
5.290380
4.632204
5.348588
4.662407
5.262176
4.685059
5.286137
4.776126
5.284710
4.693665
5.297297
4.779374
5.285181
4.770718
5.395445
4.807646
5.264137
4.772537
5.240190
4.745957
5.251329
4.872890
5.256419
4.669907
5.230595
4.643609
5.277746
4.804004
5.260560
4.698119
5.326543
4.769268
5.245184
4.816734
5.222641
4.821206
5.254133
4.808251
5.278248
4.636685
5.226204
4.699922
5.261499
4.789479
5.217659
4.821743
5.393989
4.649368
5.219371
4.813505
5.281730
4.813561
5.226898
4.824222
5.258447
4.911200
5.236015
4.827834
5.254024
4.799683
5.253557
4.631902
5.358320
4.693336
5.255229
4.748879
5.251331
4.802914
5.216050
4.744424
5.212318
4.813913
5.256483
4.759522
5.250136
4.716482
5.217541
4.874730
5.328511
4.690372
5.219000
4.829402
5.270020
4.794706
5.230696
4.866982
5.253936
4.626469
5.263272
4.809620
5.213434
4.880817
5.243856
4.929359
5.281629
4.864468
5.284064
4.788591
5.224715
4.800433
5.330397
4.668700
5.249472
4.652425
5.287737
4.750678
5.311222
4.700771
5.250848
4.720868
5.341448
4.804909
5.258666
4.729022
5.259886
4.847589
5.266313
4.714084
5.267246
4.805634
5.270127
4.812612
5.265302
4.761023
5.322068
4.814580
5.306484
4.648993
5.258395
4.764062
5.283078
4.758801
5.230426
4.740931
5.293489
4.800461
5.272648
4.774118
5.316197
4.748334
5.371366
4.835305
5.262436
4.721774
5.338486
4.747469
5.249635
4.736316
5.282282
4.729249
