5.187508
4.931554
5.233405
4.897722
5.192839
4.979770
5.182123
4.864040
5.237666
4.935985
5.297809
4.955252
5.289019
4.889960
5.281879
4.654310
5.201399
4.867370
5.208545
4.685414
5.256855
4.625879
5.217164
4.856416
5.227520
4.369227
5.209911
5.002452
5.223039
4.866402
5.236080
4.992071
5.272618
4.821662
5.198345
4.938290
5.266628
4.994528
5.206168
4.839749
5.201335
4.828233
5.135464
4.665029
5.291868
4.747093
5.186484
4.730834
5.182691
4.826959
5.162722
4.763656
5.180097
4.773911
5.200358
4.850955
5.233881
4.779242
5.187804
4.876469
5.253818
5.023085
5.160791
4.859739
5.185394
4.832624
5.177568
4.707492
5.232477
4.972196
5.206490
4.966129
5.208603
4.668279
5.168988
4.856324
5.261857
4.943977
5.176037
4.850659
5.244085
4.647628
5.172969
4.804062
5.187038
4.732453
5.221255
4.893332
5.210887
4.858525
5.182737
5.106949
5.276710
4.765522
5.236204
4.392189
5.200283
4.721643
5.217860
4.832901
5.223387
4.801161
5.194000
4.862219
5.237064
4.694313
5.244353
4.776770
5.250286
4.834149
5.239272
4.856284
5.216640
4.685893
5.206875
4.787627
5.247874
4.863123
5.258343
4.585407
5.245150
4.854065
5.265659
4.814382
5.284119
4.846356
5.256660
4.757299
5.202946
4.710921
5.271727
4.628124
5.239561
4.839597
5.224220
4.650170
5.261780
4.881363
5.256769
4.858349
5.252434
4.505788
5.185980
4.823937
5.244072
4.638817
5.223569
4.914745
5.262291
4.919846
5.284767
4.977471
5.217827
4.721494
5.305145
4.818218
5.156021
4.868782
5.204227
4.757927
5.123583
4.900390
5.227384
4.966407
5.162144
4.739392
5.184156
4.774213
5.167893
4.808801
5.225557
4.757774
5.218002
4.897535
5.212198
4.870911
5.179803
4.644375
5.161286
4.857773
5.176081
4.936598
5.204605
4.798104
5.142446
4.877160
5.268973
5.005035
5.154477
4.697704
5.199340
4.587505
5.225804
4.564083
5.177274
5.003410
5.170205
4.747770
5.255140
4.880823
5.182462
4.881396
5.261394
4.930416
5.233922
4.865142
5.156915
4.699058
5.197074
4.922055
5.183952
4.998311
5.249934
4.644278
5.260770
4.783473
5.250064
4.650134
5.309965
4.892058
5.205609
4.681018
5.254096
4.784364
5.208774
4.627094
5.232242
4.581500
5.228346
4.732290
5.239437
4.855839
5.214811
4.875960
5.331567
4.939049
5.225018
4.962543
5.259889
4.596847
5.241852
4.875601
5.244923
4.738651
5.242811
4.689253
5.253221
4.510912
5.221464
4.748223
5.284328
4.691375
5.211596
4.845181
5.291748
4.709501
5.268943
4.787146
5.172466
4.841383
5.246328
4.943649
5.220206
4.833069
5.252391
5.042398
5.203276
4.636808
5.263819
4.530012
5.207376
4.928157
5.220081
4.712260
5.249354
4.803609
5.233588
4.684337
5.266354
4.620206
5.282673
4.765013
5.171133
4.787036
5.170813
4.979730
5.199093
5.033949
5.210713
4.810084
5.179488
4.813794
5.221837
4.839106
5.204525
4.869316
5.340149
4.858106
5.183051
4.556382
5.184777
4.873213
5.194341
4.813657
5.220863
5.049553
5.179812
4.820320
5.167892
4.832601
5.182606
4.789428
5.274922
4.509930
5.146358
4.710196
5.226564
4.708508
5.205081
4.773601
5.163131
4.746609
5.161553
4.989175
5.212947
4.830239
5.170259
5.041949
5.281090
4.828690
5.200624
4.945360
5.193702
4.761889
5.215918
4.802543
5.249894
4.891672
5.196546
4.951292
5.211140
4.579553
5.196452
4.753173
5.306814
4.418803
5.267081
4.624217
5.254133
4.746024
5.200426
4.942628
5.269859
4.645825
5.268642
4.638190
5.203540
4.801253
5.237067
4.996392
5.285714
4.606441
5.204008
4.835754
5.233570
4.789452
5.251234
4.496583
5.203088
4.811310
5.203073
4.951656
5.244219
4.570791
5.228347
4.970824
5.225211
4.818262
5.295935
4.793903
5.229843
4.688422
5.247119
4.816260
5.189529
4.591386
5.233171
4.902125
5.237132
4.840826
5.193567
4.852776
5.264603
4.661028
5.203436
4.834198
5.213246
4.876000
5.309679
4.947618
5.286584
4.676045
5.230824
5.123767
5.209410
4.891721
5.220398
4.822646
5.149955
4.775712
5.247002
4.944589
5.198092
4.920748
5.185653
4.709059
5.180922
4.475912
5.197555
4.949848
5.192333
4.743972
5.332213
4.655875
5.156318
4.807299
5.182760
4.632090
5.215173
4.855845
5.189920
4.648652
5.202902
4.817040
5.217063
4.700921
5.209917
4.799412
5.310729
4.858889
5.189722
4.672528
5.174245
4.978449
5.238512
4.794185
5.207454
4.820235
5.175078
4.816543
5.214652
4.661494
5.186455
4.466126
5.311202
4.879427
5.149653
4.946318
5.224136
4.590879
5.212651
4.755151
5.180174
4.870926
5.202718
5.005191
5.196633
4.655993
5.218594
4.949462
5.327596
4.595606
5.171074
4.748214
5.244886
4.475948
5.245859
4.650906
5.215291
4.904048
5.201269
5.102145
5.367035
4.808550
6.225010
5.000786
5.974130
4.689057
5.217738
5.134811
5.328445
5.360492
5.179625
5.215189
5.439849
6.131580
5.778790
6.182541
5.241491
5.327194
5.254247
5.268432
5.220334
5.695857
6.065983
5.222687
5.675517
9.680921
10.279210
10.275809
10.245552
10.222680
10.228915
10.213328
10.214732
10.197109
10.174356
10.222459
10.268007
10.244659
10.167157
10.166939
10.235859
10.216798
10.952626
10.161634
10.211460
10.163776
10.338867
10.233736
10.070702
10.155492
10.994718
10.202308
10.155513
10.208896
10.139497
10.768356
10.092919
10.166416
10.184835
9.519907
10.186304
10.114838
10.134912
10.217181
10.154228
10.130261
10.173005
10.147295
10.183550
10.202394
10.127085
10.155023
10.181392
10.170235
10.153801
10.189113
10.236721
10.103935
10.138062
10.138127
10.091492
10.119026
10.180500
10.117782
10.123794
10.131242
10.105586
10.174428
10.125881
10.134105
10.227367
9.982524
10.161082
10.080219
10.141317
10.052160
10.150263
10.082575
10.115412
10.225029
10.186691
10.044385
9.948137
9.472343
10.224716
9.825993
9.960529
9.777659
10.188971
10.213179
10.163499
10.176246
10.148168
9.929398
10.043882
10.126237
10.069253
10.151669
10.204619
10.183226
10.198169
10.181250
10.117703
10.132779
10.094908
10.100021
10.123848
10.145409
10.183398
10.162620
10.217855
10.199013
10.151456
10.127042
10.148343
10.138113
10.132824
10.136905
10.194451
10.169290
9.970094
9.924827
10.011731
10.008294
10.013757
10.171644
10.132015
10.311696
10.257658
10.293223
10.250318
10.224672
10.191764
10.088904
10.193626
10.225892
10.266503
9.658557
10.210164
10.189867
10.092066
10.147054
10.235528
10.201817
10.163996
10.171920
10.167357
10.153525
10.226841
10.219152
10.208856
10.183017
9.565425
10.003966
10.037759
9.950929
9.627233
9.398343
9.686113
9.996838
10.248172
10.107769
10.194274
10.112177
10.159403
10.145116
10.128192
10.140114
10.229791
10.074027
10.151561
10.169350
10.017338
10.212881
10.307680
10.202143
10.148016
10.219707
10.251396
10.093349
10.161278
10.130162
10.168130
10.160756
9.976018
9.975972
9.492457
10.073599
9.970154
10.177641
10.194888
10.156596
10.229102
10.185879
10.150360
10.135647
10.154635
10.133148
10.260253
10.183278
10.131891
10.157392
10.104721
10.194226
10.228092
10.180266
10.167725
10.173328
10.155677
10.170384
10.136131
10.201421
10.159973
10.162381
10.157861
10.193352
10.200811
10.182376
10.187625
10.175762
10.136558
10.160803
10.215772
10.180435
10.156596
10.157501
10.154544
10.195158
10.180460
10.173074
10.129612
10.203089
10.163791
10.157670
10.180032
10.173559
10.163518
10.209056
10.189754
10.158838
10.137806
10.180851
10.195026
10.177251
10.126927
10.166755
10.206076
10.247866
10.166855
10.146832
10.147298
10.198455
10.145535
10.097940
10.147253
10.161037
10.222426
10.178461
10.135207
10.187922
10.195060
10.230911
10.131218
10.158078
10.213455
10.157355
10.143174
10.148980
10.166042
10.257610
10.230588
10.204072
10.236426
10.184612
10.167476
10.219548
10.184437
10.193272
10.178327
10.189166
10.208893
10.157437
10.195619
10.225148
10.272004
10.203108
10.207934
10.193696
10.187067
10.138088
10.132387
10.191176
10.252327
10.175228
10.219534
10.200789
9.434414
9.170983
9.910255
10.196530
10.220077
10.157758
10.157122
10.233732
10.158055
10.153049
10.098622
10.079400
10.216039
10.250586
10.204598
10.107617
10.165465
10.261537
10.234662
10.106444
10.186470
10.204707
10.222596
10.175451
10.172413
10.226537
9.745474
9.734814
10.022142
10.093590
8.969172
7.721829
8.458062
9.890222
9.278441
9.701165
9.713623
10.057713
10.215623
10.123393
7.149361
8.910902
9.201978
9.320188
9.016756
9.845717
10.136913
9.662364
7.215909
9.299751
9.055349
9.114976
9.403177
9.760782
9.910676
10.093863
10.176709
7.705981
8.733091
9.094810
9.149809
9.529550
9.862462
10.083462
9.797818
7.264154
8.623281
8.680770
9.607352
9.832128
10.123283
9.685503
6.661175
8.926554
8.857556
9.272856
9.779286
10.031077
9.369717
7.344711
7.961998
9.161912
9.596373
9.976717
10.132022
9.777304
7.198234
7.932819
9.186642
9.628336
9.970297
10.091854
9.928860
9.080898
7.348999
8.707988
8.283298
9.388967
9.433839
9.647325
8.753700
7.571807
8.841792
9.193838
9.361910
9.794035
10.067160
10.086895
7.603435
8.615757
9.035520
9.041295
9.181320
9.622393
9.375242
10.186664
9.723025
10.191441
10.244548
10.179412
10.274748
10.098629
10.271314
9.879528
10.231605
10.189558
9.220507
9.611704
10.157184
10.172611
10.157982
10.086404
10.210382
10.070577
10.015525
10.146998
9.725267
9.961446
10.149576
9.944325
10.045491
9.834353
9.484668
9.973559
10.138331
10.245533
10.144816
10.167349
10.165519
10.186374
10.169806
10.260401
10.118190
10.146280
10.122203
10.052364
10.108097
10.168302
10.175618
9.987979
10.127411
9.906544
10.155010
10.150184
10.108138
10.175396
10.066466
10.144513
10.086483
10.246844
10.209980
10.129676
10.166358
10.171540
10.100980
10.023075
10.127606
10.203494
10.169824
10.021205
10.162282
10.215188
10.120223
10.121289
10.117329
10.187487
10.174161
10.072791
10.095462
10.154804
10.126418
10.028421
10.193478
10.196869
10.213986
10.033646
10.130085
10.213378
10.148223
10.147615
10.081111
10.060828
