5.213922
4.687418
5.244745
4.788522
5.220600
4.808707
5.249456
4.884716
5.240036
4.754548
5.226929
4.906964
5.241433
4.804368
5.208986
4.942365
5.226576
4.706472
5.302857
4.694732
5.226115
4.858303
5.335758
4.748314
5.183640
4.579920
5.210567
4.642355
5.193004
4.577518
5.242713
4.720808
5.199349
4.768577
5.224576
4.788078
5.187686
4.795702
5.277315
4.891573
5.170340
4.880188
5.230781
4.958692
5.177512
4.715306
5.203200
4.817467
5.180333
4.910557
5.222650
4.847875
5.174976
4.850680
5.316005
4.941775
5.183008
4.675993
5.172195
4.757732
5.196040
4.761632
5.173136
4.820478
5.200729
4.985705
5.273915
4.866219
5.210538
4.847586
5.273426
4.947440
5.216581
4.773124
5.212241
4.821867
5.203520
4.997245
5.233511
4.846082
5.256889
4.732466
5.220528
4.613876
5.257161
4.858323
5.258852
4.606304
5.268626
4.926145
5.231951
4.829750
5.222720
4.604395
5.304303
4.740568
5.212511
4.757630
5.239367
4.760685
5.211093
4.832384
5.321410
4.868010
5.280220
4.501261
5.218898
4.982532
5.324894
4.698125
5.219864
4.730168
5.274645
4.787880
5.190217
4.616967
5.285912
4.887232
5.211495
4.501419
5.253193
4.782962
5.243361
4.677711
5.252459
5.144715
5.244247
4.515214
5.225297
4.780636
5.242334
4.693685
5.307316
4.755954
5.229989
4.767703
5.290731
4.674380
5.218734
4.785021
5.245319
4.649165
5.266306
4.693525
5.248771
4.928145
5.220392
4.715106
5.307132
4.870744
5.208700
4.704099
5.231402
4.819971
5.217689
4.734010
5.197166
4.664460
5.173277
4.888764
5.214868
4.886525
5.212704
4.787811
5.260118
5.008818
5.234192
4.948640
5.192254
4.793080
5.163813
4.897689
5.262198
4.927366
5.208686
4.654918
5.188435
4.775203
5.211437
4.799815
5.288970
4.662907
5.228663
4.908358
5.243058
4.890917
5.174772
4.524824
5.221061
4.713672
5.209243
4.929098
5.384063
4.717610
5.193989
4.928427
5.250821
4.763369
5.205580
4.726411
5.175953
4.670311
5.227026
4.781098
5.221081
4.803237
5.246631
4.741534
5.221755
4.779259
5.257520
4.779636
5.280652
4.881040
5.263635
4.791406
5.210658
4.848488
5.241127
4.772917
5.218184
4.656996
5.247451
4.725239
5.243730
4.916490
5.330777
4.715134
5.301327
4.604222
5.232265
4.856776
5.275260
4.819300
5.225452
4.717071
5.298220
4.818647
5.241774
4.743195
5.252077
4.843419
5.240072
4.955218
5.258759
4.675329
5.261840
4.697384
5.240086
4.822923
5.235180
4.724614
5.264010
4.720895
5.191708
4.921744
5.261281
4.803561
5.332667
4.654403
5.233710
4.875815
5.210592
4.869999
5.178562
4.826746
5.199304
4.854952
5.209077
4.865577
5.195990
4.876126
5.202157
4.818495
5.304311
4.931241
5.206610
4.695805
5.262527
4.910017
5.201806
4.790305
5.206159
4.819266
5.173173
4.836507
5.228029
4.900210
5.189397
5.016736
5.346140
4.744297
5.168951
4.871358
5.213226
4.866675
5.167977
4.754651
5.165433
4.892813
5.184566
5.002770
5.239260
4.982257
5.209991
4.911478
5.385241
5.023469
5.295134
4.542980
5.203264
4.729348
5.237216
4.662086
5.267946
4.642148
5.217464
4.798945
5.260642
4.690798
5.224308
4.818280
5.322677
4.788534
5.234272
4.719801
5.257276
4.775855
5.250042
4.991627
5.245304
4.861471
5.285493
4.620621
5.214177
4.520713
5.241878
4.822350
5.271691
4.793658
5.232041
4.762035
5.212222
4.783482
5.297278
4.695776
5.248874
4.682609
5.213487
4.735041
5.255389
4.719014
5.242394
4.950539
5.269822
4.703499
5.248839
4.809654
5.243027
4.765976
5.298337
4.814859
5.266698
4.764293
5.307154
4.942213
5.204225
4.622172
5.207536
4.924441
5.190845
4.733827
5.228653
4.833377
5.190402
4.968044
5.195536
4.733350
5.207512
4.852480
5.176018
4.829651
5.221797
4.743301
5.295077
4.871105
5.216260
4.731060
5.180451
4.951045
5.229109
4.894477
5.168766
4.827857
5.199902
4.855493
5.241991
4.974186
5.185165
4.851497
5.306011
4.817128
5.156053
4.835435
5.210008
4.800943
5.194876
4.966935
5.140032
4.798299
5.223702
4.859420
5.193167
4.837814
5.240999
4.758083
5.305458
4.861520
5.212885
4.709511
5.233389
4.743971
5.209962
4.698634
5.266285
4.800570
5.202839
4.683246
5.249367
4.792109
5.203128
4.894345
5.385684
4.809895
5.223550
4.813722
5.231734
4.789774
5.213853
4.777819
5.223104
4.595182
5.259353
4.749912
5.240488
4.725024
5.251723
5.041838
5.289490
4.812741
5.201659
4.890606
5.215810
4.904368
5.282609
4.648957
5.250189
4.680377
5.281660
4.807476
5.215877
4.818457
5.369607
4.777768
5.206215
4.688676
5.260438
4.919641
5.248717
4.697776
5.285396
4.815332
5.193893
4.758937
5.206234
4.855689
5.183301
4.868852
5.360622
4.969012
5.185922
4.905620
5.232655
4.691461
5.183913
4.820702
5.192934
4.601729
5.202158
4.803439
5.271759
4.753749
5.204951
4.866624
5.295468
4.839190
5.181003
4.834388
5.191488
5.007325
5.222568
4.879277
5.249660
4.657331
5.185395
4.672715
5.192176
4.718752
5.203498
4.819638
5.276711
4.721658
5.214006
4.795056
5.238575
4.822912
5.211631
4.902185
5.222366
4.831887
5.163308
4.669127
5.180841
4.693480
5.205510
4.730937
5.345052
4.786362
5.229260
4.796608
5.239814
4.898034
5.286656
4.676312
5.216651
4.697390
5.261898
4.844489
5.252117
5.007339
5.258598
4.946300
5.252997
4.696210
5.242169
4.744991
5.225924
4.848997
5.220856
4.890722
5.269370
4.592005
5.253320
4.728749
5.257072
4.726420
5.230453
4.928469
5.225037
4.720098
5.249084
4.769728
5.214116
4.628208
5.320082
4.612196
5.231987
4.857974
5.251919
4.852964
5.283028
4.566752
5.228368
4.832583
5.254468
4.578659
5.238680
4.949043
5.222836
4.719952
5.302186
4.565252
5.255047
4.637127
5.256780
4.744387
5.247508
4.735586
5.235096
4.908134
5.247402
4.591564
5.254650
4.850286
5.279899
4.789589
5.239939
4.750257
5.204602
4.782869
5.213464
4.889212
5.181403
4.558274
5.284249
4.860840
5.178603
4.607886
5.214414
4.815351
5.196612
4.847569
5.176594
4.933153
5.201570
4.696134
5.194949
4.783674
5.230300
4.737849
5.385640
4.721586
5.211641
4.804932
5.174282
4.830253
5.219638
4.864473
5.169194
4.857558
5.208314
4.702649
5.181896
4.814278
5.192365
4.743288
5.318446
4.741049
5.226144
4.959395
5.237558
4.823333
5.177693
4.856372
5.239084
4.715278
5.166224
4.868208
5.217503
4.713563
5.198288
4.783806
5.314127
4.812475
5.177476
4.979902
5.216017
4.789893
5.273460
4.749310
5.228810
4.853002
5.233436
4.786511
5.279630
4.739210
5.202435
4.859265
5.285430
4.737238
5.213871
4.719258
5.258950
4.617493
5.233310
4.775551
5.236188
4.560263
5.198923
4.762647
5.251454
4.933996
5.220714
4.694507
5.264108
4.799032
5.209861
4.761755
5.257000
4.768526
5.214872
4.833786
5.256170
4.754457
5.228383
4.762507
5.263265
4.767123
5.312577
4.650860
5.213306
4.783068
5.286540
4.816010
5.256019
4.782693
5.198098
4.657970
5.266582
4.768695
5.207956
4.811924
5.250886
4.614542
5.303148
4.653663
5.223294
4.811236
5.249323
4.851082
5.254099
4.905028
5.166499
4.953710
5.218981
4.970616
5.274240
4.774197
5.199995
4.962722
5.269211
4.876212
5.195918
4.799700
5.199491
4.702301
5.182846
4.821014
5.258136
4.748911
5.187817
4.804179
5.175916
4.908359
5.179694
4.870461
5.316210
4.821111
5.232756
4.849467
5.255530
4.784809
5.226745
4.972032
5.213877
4.906789
5.217379
4.896856
5.174659
4.899064
5.196854
4.776594
5.297501
4.822516
5.211802
4.930011
5.253327
4.653028
5.237666
4.897711
5.237706
4.963425
5.228234
4.839233
5.276574
4.692335
5.231307
4.871182
5.301894
4.764608
5.251188
4.810841
5.237638
4.793970
5.252687
4.803041
5.266386
4.863569
5.256979
4.821529
5.268915
4.748096
5.237958
4.931420
5.316646
4.776553
5.218215
4.776441
5.225859
4.766270
5.252095
4.762323
5.215898
4.748962
5.292344
4.741966
5.291690
4.635773
5.328375
4.788060
5.219037
4.670870
5.254061
4.769865
5.209699
4.748126
5.237533
4.663706
5.216761
4.803147
5.309860
4.759745
5.187624
4.758462
5.284347
4.900729
5.210956
4.737600
5.208277
4.961339
5.159258
4.845610
5.250012
4.935881
5.168178
4.713058
5.212548
4.846122
5.173765
4.782213
5.297419
4.726619
5.238979
4.701494
5.282003
4.826079
5.184093
4.892878
5.210125
4.789773
5.206781
5.012399
5.200760
4.764538
5.201829
4.486718
5.277846
4.839320
5.210155
4.816232
5.188876
4.794055
5.200908
4.786918
5.198920
4.850829
5.192761
4.816848
5.204758
4.966231
5.176477
4.740072
5.346510
4.795375
5.200842
4.740357
5.257032
4.674752
5.212827
4.814472
5.216221
4.686571
5.243539
4.825262
5.306623
4.693182
5.234983
4.964608
5.259855
4.726146
5.253099
4.798597
5.224132
4.733608
5.252224
4.749080
5.256302
4.972541
5.244243
4.691118
5.241448
4.633628
5.218849
4.702292
5.303330
4.686993
5.273561
4.886706
5.230185
4.811981
5.223961
4.672158
5.251118
4.707693
5.230469
4.858977
5.269616
4.629408
5.221387
4.971552
5.315056
4.908424
5.224386
4.631364
5.192673
4.708510
5.272414
4.762654
5.269888
4.768117
5.203724
4.831385
5.238049
4.640173
5.303634
4.911003
5.245002
4.812575
5.231644
4.788632
5.231544
4.841922
5.171806
4.735031
5.226762
4.648844
5.157614
4.908193
5.197904
4.856926
5.280014
4.886949
5.186979
4.890999
5.216047
4.838548
5.201581
4.755373
5.173338
4.962478
5.216586
4.750237
5.232926
4.745122
5.211746
4.836062
5.273471
4.875154
5.216815
4.746865
5.193561
4.798239
5.195154
4.675788
5.268808
4.714617
5.182240
4.865515
5.203628
4.926298
5.203968
4.860612
5.354349
4.865032
5.178890
4.796298
5.212133
4.946271
5.223045
4.782825
5.247003
4.841092
5.205661
4.861172
5.257934
4.759387
5.204294
4.923861
5.313734
4.751606
