5.458402
5.373211
5.347496
5.355711
5.631324
5.464016
5.371136
5.386792
5.396558
5.384604
5.406556
5.783038
5.448872
6.141902
6.512923
6.294083
6.833990
6.390746
6.691401
5.748360
5.697482
5.440937
5.505653
5.913530
6.017501
6.503513
5.435469
6.508988
6.991451
5.465388
6.292825
5.662917
6.410309
6.137724
5.909037
5.374902
5.341888
5.378205
5.378786
5.414080
5.711502
5.377565
5.346033
5.365486
5.372412
5.352517
5.330382
5.322722
5.522348
5.368833
5.313599
5.341024
5.346272
5.345010
5.370766
11.163721
7.113343
5.753773
5.360286
5.326274
4.872426
5.300021
4.832099
5.337198
4.696104
5.302209
4.690236
5.298299
4.746364
5.338590
4.904602
5.298761
4.809320
5.301997
4.821233
5.344456
4.794053
5.294269
4.802644
5.325705
4.669076
5.284122
4.763073
5.319067
4.818316
5.311934
4.646642
5.278565
4.760919
5.335251
4.717558
5.302081
4.755949
5.297945
4.765096
5.319414
4.732961
5.298674
4.845536
5.318107
4.736672
5.359902
4.602921
5.282059
4.804027
5.328952
4.774752
5.586220
4.637183
5.322473
4.723155
5.327508
4.688810
5.365069
4.706981
5.607186
5.064514
6.599646
5.323870
5.325854
5.328840
5.268186
5.289198
4.907070
5.350330
4.934246
5.431019
4.820109
5.367070
4.838273
5.433247
4.674199
5.316426
4.661952
5.318751
4.789753
5.318812
4.691513
5.338274
4.749526
5.367228
4.671345
5.331272
4.601141
5.361889
4.756170
5.375660
4.584777
5.296754
4.504116
5.377388
4.694444
5.338716
4.676408
5.301930
4.520249
5.360820
4.695920
5.300044
4.577729
5.334373
4.967307
5.336115
4.708954
5.371633
4.730586
5.333440
4.668937
5.281971
4.708763
5.390454
4.807399
5.354430
4.543339
5.368923
4.549703
5.463707
4.770330
5.361999
4.687749
5.377946
4.512431
5.313823
4.655672
5.381272
4.860060
5.323450
4.746078
5.392739
4.744685
5.388714
4.705486
5.448245
4.481200
5.357115
4.672945
5.342792
4.691143
5.385340
4.635224
5.319000
4.764227
5.352393
4.518015
5.323215
4.607254
5.295590
4.689700
5.545502
4.759605
5.307836
4.834064
5.375122
4.503892
5.340424
4.703647
5.367850
4.737288
5.373274
4.565309
5.350698
4.540497
5.294851
4.865613
5.426341
4.616358
5.327287
4.497907
5.306287
4.575272
5.302782
4.619876
5.324557
4.771243
5.341364
4.708852
5.298303
4.798730
5.330427
4.792170
5.424558
4.624915
5.348990
4.753922
5.462569
4.553658
5.382297
4.578914
5.319957
4.648910
5.391247
4.619842
5.329149
4.704966
5.332022
4.816602
5.423536
4.683527
5.583371
5.558832
5.299556
4.448983
5.380876
4.550920
5.308120
4.562015
5.974159
5.126604
5.421784
4.253624
5.725354
5.294069
5.644083
4.897891
7.418032
8.146775
9.258245
7.319805
7.501789
6.798815
7.020350
7.198728
5.967575
6.399446
5.483503
5.877437
5.248143
5.312463
4.552682
5.324556
4.455558
5.348432
4.595524
5.353759
4.518999
5.338658
4.531883
5.343512
4.350432
5.283085
4.601964
5.344606
4.476008
5.339126
4.471475
5.321940
4.828396
5.255310
4.629327
5.353775
4.622740
5.303533
4.478808
5.323435
4.534131
5.272936
4.555240
5.314227
4.708028
5.314693
4.667914
5.304771
4.918784
5.864530
4.606587
5.346310
4.488120
5.339349
4.463803
5.497231
4.606478
5.317350
4.638603
5.326329
4.538968
5.344503
4.547489
5.302314
4.578022
5.327406
4.579533
5.320014
4.432033
5.320180
4.669079
5.382645
4.677863
5.339770
4.700227
5.346177
4.846446
5.315854
4.705213
5.365179
4.669736
5.293611
4.528295
5.357143
4.734233
5.301276
4.678883
5.347524
4.660282
5.334718
4.489424
5.316124
4.654100
5.302668
4.662870
5.348207
4.505373
5.329637
4.720805
5.344767
4.497742
5.310170
4.619413
5.371102
4.568336
5.339226
4.559399
5.315828
4.557108
5.770343
5.300137
6.505473
5.305926
5.268383
5.330377
5.238056
5.349760
4.920669
5.631666
4.848763
5.390357
4.802317
5.411348
4.637819
5.283254
4.658171
5.284321
4.768224
5.311964
4.715365
5.403342
4.504606
5.307629
4.525364
5.479114
4.662760
5.307915
4.556440
5.284545
4.674056
5.304919
4.649980
5.333911
4.687067
5.274393
4.628255
5.355401
4.700159
5.266987
4.756652
5.378474
4.650600
5.289764
4.552813
5.346407
4.694747
5.290514
4.621248
5.291113
4.454422
5.342825
4.435157
5.255296
4.590165
5.361988
4.759426
5.384111
4.635985
5.306215
4.807943
5.252684
4.692503
5.279706
4.705643
5.312151
4.606923
5.277700
4.556788
5.283873
4.743723
5.326925
4.689178
5.333288
4.736826
5.327733
4.582083
5.310661
4.602427
5.324004
4.670440
5.274406
4.437518
5.275141
4.697358
5.269446
4.679605
5.316171
4.672925
5.293516
4.559013
5.326103
4.795471
5.244876
4.756258
5.246566
4.602744
5.305550
4.607140
5.309296
4.686639
5.265662
4.822409
5.325735
4.582045
5.329069
4.632665
5.361991
4.648145
5.378727
4.429132
5.346501
4.644646
5.312343
4.683618
5.296527
4.713395
5.333936
4.508699
5.393791
4.768236
5.310565
4.709193
5.289654
4.725525
5.339336
4.560858
5.333329
4.572339
5.398423
4.518130
5.324067
4.728388
5.303956
4.522894
5.418461
4.697946
5.299158
4.471505
5.320461
4.728245
5.322898
4.661109
5.328195
4.490825
5.307739
4.698655
5.428629
4.698277
5.368502
4.686731
5.514950
4.738393
5.340286
4.639989
5.389888
4.729626
5.371863
4.596517
5.316411
4.610966
5.357407
4.641316
5.423924
4.572505
5.320422
4.487893
5.416825
4.621532
5.358861
4.636041
5.307746
4.687381
5.340229
4.549942
5.394963
4.525275
5.357091
4.709763
5.336325
4.678628
5.307098
4.806982
5.501592
4.661226
5.282345
4.530403
5.430110
4.701989
5.276195
4.686940
5.270573
4.726059
5.307129
4.763061
5.310446
4.723318
5.291140
4.713159
5.385271
4.709609
5.277455
4.690189
5.321456
4.480859
5.339598
4.597561
5.309887
4.721691
5.271912
4.733000
5.392012
4.722493
5.292557
4.951652
5.307039
4.443441
5.274029
4.732954
5.322652
4.728875
5.307066
4.717876
5.323482
4.724830
5.279686
4.620854
5.350937
4.538529
5.314336
4.837797
5.320204
4.447898
5.254156
4.564448
5.289657
4.566523
5.304636
4.694103
5.272074
4.662731
5.277907
4.536701
5.305080
4.529601
5.313956
4.836109
5.278331
4.655640
5.257875
4.720982
5.306854
4.835333
5.279916
4.704653
5.304435
4.757133
5.357965
4.520742
5.318642
4.635582
5.321133
4.806958
5.281903
4.407768
5.336648
4.477658
5.357529
4.489140
5.295119
4.737362
5.313019
4.485660
5.376064
4.542066
5.380247
4.679736
5.422549
4.830729
5.292375
4.599519
5.348197
4.465502
5.377887
4.637205
5.319709
4.649999
5.310648
4.637880
5.345524
4.572657
5.341325
4.752822
5.383472
4.713279
5.367050
4.439927
5.364104
4.734295
5.313348
4.652178
5.389470
4.598142
5.339969
4.614908
5.363082
4.861585
5.297145
4.556421
5.411787
4.771691
5.417050
4.576240
5.302384
4.504067
5.344213
4.570871
5.343950
4.788790
5.334609
4.537720
5.318713
4.602732
5.344084
4.619158
5.401465
4.440209
5.305540
4.422631
5.325897
4.681407
5.339076
4.634845
5.364303
4.643490
5.384721
4.571368
5.334929
4.428589
5.311919
4.651419
5.508439
4.571455
5.416915
4.777007
5.319596
4.474736
5.377676
4.524651
5.315147
4.365968
5.321199
4.466587
5.382741
4.495261
5.393738
4.522898
5.524202
4.416890
5.332199
4.484813
5.319767
4.497279
5.372142
4.677932
5.464565
4.432403
5.376435
4.701818
5.281020
4.446513
5.265344
4.507510
5.521576
4.519646
5.291836
4.812816
5.339121
4.714248
5.290841
4.704248
5.285748
4.702124
5.338230
4.554039
5.289088
4.612801
5.279107
4.648126
5.474618
4.606314
5.313940
4.569540
5.316875
4.776014
5.258653
4.657138
5.283181
4.697447
5.270914
4.695536
5.321652
4.513306
5.276099
4.777948
5.469366
4.806486
5.273958
4.378660
5.269464
4.515912
5.311357
4.536982
5.382496
4.726779
5.290010
4.681590
5.251761
4.819793
5.305957
4.852318
5.465908
4.577821
5.264736
4.561694
5.327327
4.648120
5.313196
4.866059
5.268712
4.520706
5.275621
4.706876
5.310260
4.543824
5.293071
4.614485
5.419274
4.578536
5.299745
4.572759
5.258998
4.541895
5.275174
4.596531
5.290302
4.588894
5.283577
4.582196
5.273689
4.632648
5.320727
4.795059
5.297271
4.674724
5.236556
4.554770
5.301945
4.767872
5.355354
4.572460
5.386805
4.487270
5.318592
4.562445
5.317253
4.547324
5.358035
4.809026
5.315378
4.656627
5.344390
4.522066
5.353406
4.674768
5.322443
4.699375
5.352071
4.570890
5.450965
4.598311
5.296444
4.653537
5.311187
4.572601
5.308650
4.679302
5.330484
4.534950
5.303821
4.549147
5.340923
4.715102
5.339599
4.568794
5.304809
4.791617
5.323382
4.508525
5.442656
4.569170
5.291391
4.696076
5.348790
4.699509
5.291834
4.578403
5.304306
4.798458
5.326089
4.800472
5.386049
4.656135
5.322439
4.625918
5.523573
4.424801
5.321846
4.478482
5.346228
4.474009
5.311501
4.657578
5.366444
4.445955
5.349241
4.509907
5.303448
4.801930
5.364125
4.610228
5.608592
4.690802
5.313028
4.716977
5.333179
4.661465
5.356469
4.567708
5.392010
4.601220
5.305070
4.592258
5.374262
4.646547
5.360026
4.627105
5.431011
4.598191
5.337146
4.622304
5.366713
4.651952
5.315065
4.398439
5.440535
4.624065
5.284688
4.688957
5.325735
4.561979
5.312383
4.759282
5.427435
4.445604
5.275904
4.533087
5.320285
4.720160
5.281143
4.559966
5.266899
4.736320
5.304973
4.516156
5.308809
4.694249
5.284004
4.670344
5.467225
4.671412
5.318628
4.616430
5.326882
4.570708
5.256185
4.711032
5.311848
4.747227
5.304427
4.598464
5.373914
4.545730
5.301032
4.689867
5.414426
4.584849
5.269568
4.450034
5.285113
4.531858
5.288265
4.702225
5.314080
4.701640
5.293198
4.618023
5.291716
4.580156
5.287214
4.836246
5.366083
4.685938
5.256978
4.542501
5.319463
4.725452
