5.235363
4.829965
5.181815
4.713171
5.236685
4.807511
5.193183
4.720765
5.182713
4.679438
5.351532
4.798835
5.195471
4.828212
5.224082
4.741296
5.191887
4.785665
5.237476
4.721719
5.200789
4.754413
5.187851
4.681856
5.218241
4.890199
5.312716
4.761894
5.215111
4.761251
5.262793
4.818680
5.221530
4.657013
5.260970
4.696346
5.232397
4.731184
5.225903
4.573320
5.327117
4.813759
5.227376
4.583596
5.255119
4.752798
5.250236
4.690041
5.260447
4.599278
5.242329
4.707452
5.299649
4.728172
5.226849
4.680929
5.304148
4.591530
5.288636
4.537603
5.242123
4.828439
5.218109
4.763824
5.277589
4.582648
5.233192
4.726278
5.245817
4.762957
5.260655
4.728350
5.345083
4.757605
5.243018
4.679873
5.261412
4.678763
5.213641
4.627273
5.252466
4.751748
5.214038
4.732856
5.272056
4.620159
5.263004
4.633020
5.375202
4.755778
5.247466
4.693665
5.229545
4.709516
5.308261
4.572278
5.216173
4.710857
5.286073
4.692693
5.256800
4.590378
5.236752
4.830840
5.358664
4.720811
5.237108
4.664067
5.316666
4.552383
5.222881
4.692504
5.269838
4.579151
5.220488
4.626527
5.279677
4.662136
5.215692
4.655115
5.359749
4.892500
5.249019
4.708581
5.235254
4.592268
5.272922
4.636698
5.289580
4.710503
5.279187
4.607912
5.316532
4.654947
5.198991
4.656479
5.266551
4.686705
5.232452
4.769575
5.215324
4.739779
5.243261
4.628004
5.195120
4.661801
5.186287
4.711951
5.231707
4.795168
5.184227
4.704038
5.438168
4.751743
5.197363
4.762354
5.210173
4.632479
5.231165
4.729799
5.196683
4.723372
5.198472
4.842937
5.273680
4.751626
5.197634
4.827782
5.308373
4.620684
5.182942
4.657206
5.230042
4.814699
5.198473
4.825727
5.290697
4.747811
5.189296
4.655568
5.222177
4.780441
5.188385
4.793967
5.272720
4.754288
5.224876
4.692800
5.217948
4.751241
5.211933
4.689269
5.173214
4.764447
5.223861
4.850527
5.198158
4.752188
5.212581
4.762194
5.271909
4.696070
5.227041
4.707663
5.192105
4.698548
5.238488
4.707998
5.191422
4.618221
5.235347
4.783765
5.212806
4.717565
5.215498
4.714903
5.230092
4.695529
5.190965
4.522678
5.215008
4.718296
5.192302
4.744955
5.184508
4.882330
5.257131
4.769822
5.261296
4.623509
5.268574
4.681313
5.281066
4.705113
5.285387
4.667668
5.224055
4.703756
5.243085
4.642535
5.216444
4.739261
5.265062
4.746322
5.223027
4.729793
5.292505
4.713026
5.242479
4.760895
5.260408
4.808794
5.240400
4.740336
5.235954
4.643434
5.258680
4.731610
5.235336
4.735218
5.260873
4.710175
5.246670
4.784289
5.233646
4.690568
5.276227
4.683910
5.215603
4.669669
5.250304
4.612748
5.238246
4.743070
5.218106
4.800411
5.266635
4.758461
5.312217
4.839219
5.206062
4.655640
5.273837
4.957531
5.315513
4.586513
5.246227
4.703481
5.248582
4.597723
5.291653
4.756570
5.211260
4.702214
5.430509
4.616796
5.249379
4.607085
5.252911
4.644736
5.268582
4.685240
5.226665
4.684438
5.228556
4.715400
5.317218
4.696671
5.227092
4.762262
5.384282
4.743927
5.276719
4.624493
5.262424
4.667593
5.194631
4.789860
5.268066
4.675571
5.200680
4.763719
5.205162
4.651237
5.228288
4.817150
5.402862
4.641647
5.185413
4.742015
5.317599
4.614253
5.183564
4.658594
5.215632
4.787830
5.186687
4.806759
5.221499
4.684447
5.191888
4.783049
5.369860
4.726768
5.202562
4.728826
5.255593
4.625992
5.242463
4.739963
5.184140
4.665413
5.203189
4.779451
5.249456
4.784530
5.218405
4.584837
5.312361
4.835535
5.186936
4.731247
5.196386
4.758527
5.235407
4.704050
5.225524
4.793937
5.188670
4.795880
5.209495
4.648598
5.184407
4.803154
5.282292
4.809847
5.185899
4.799624
5.268353
4.796700
5.205552
4.758432
5.195863
4.709212
5.219850
4.684590
5.198107
4.779062
5.232395
4.919275
5.270373
4.630028
5.179701
4.773467
5.223071
4.662630
5.255677
4.730134
5.192419
4.670292
5.195357
4.867060
5.266583
4.708625
5.216154
4.783383
5.263953
4.705330
5.220832
4.509640
5.243859
4.660737
5.270531
4.840746
5.249458
4.648583
5.241244
4.682107
5.258880
4.701565
5.236910
4.745196
5.207059
4.555416
5.263702
4.832953
5.228485
4.655835
5.231098
4.783242
5.248637
4.669401
5.266638
4.694798
5.261657
4.776095
5.236456
4.798126
5.245211
4.656945
5.256458
4.678669
5.230413
4.718549
5.274837
4.602354
5.304631
4.799630
5.289219
4.707260
5.290886
4.765991
5.367578
4.750212
5.256327
4.722390
5.233519
4.629567
5.262318
4.700829
5.244536
4.711685
5.220078
4.686674
5.274974
4.717479
5.237259
4.710068
5.319941
4.855178
5.307436
4.667252
5.295770
4.580271
5.242501
4.771938
5.250970
4.763955
5.219261
4.586653
5.247038
4.760616
5.235921
4.820399
5.420042
4.716564
5.295798
4.673433
5.320933
4.819791
5.209718
4.762294
5.201207
4.666989
5.203368
4.774498
5.283672
4.659159
5.221798
4.763424
5.253359
4.758913
5.217174
4.667039
5.186921
4.766117
5.263018
4.683998
5.265748
4.831589
5.237151
4.762400
5.198868
4.650128
5.208792
4.730881
5.332329
4.661749
5.213802
4.769512
5.226677
4.767552
5.219772
4.747885
5.207899
4.834199
5.234856
4.720648
5.186023
4.753997
5.213947
4.660644
5.326579
4.628738
5.189921
4.773148
5.218786
4.770995
5.195310
4.611034
5.199320
4.770890
5.200167
4.746383
5.257559
4.739681
5.268271
4.668725
5.251464
4.607553
5.200523
4.756900
5.227742
4.674408
5.224627
4.748392
5.309691
4.673120
5.199168
4.660113
5.201349
4.844711
5.191801
4.756671
5.278572
4.665074
5.223820
4.733494
5.188748
4.778212
5.233006
4.685381
5.227961
4.798512
5.182939
4.748947
5.236168
4.807240
5.215362
4.875021
5.338864
4.691394
5.224680
4.594637
5.212227
4.723774
5.262329
4.712441
5.237144
4.623536
5.261170
4.774101
5.226730
4.726239
5.233406
4.797431
5.289052
4.676903
5.258178
4.692471
5.203798
4.698464
5.287512
4.669563
5.240434
4.698696
5.259031
4.741482
5.247555
4.686442
5.269212
4.648744
5.311426
4.746031
5.233245
4.802617
5.254194
4.667104
5.237640
4.800879
5.246934
4.598001
5.236433
4.707090
5.258505
4.459411
5.237835
4.797978
5.220988
4.754660
5.281055
4.761927
5.270593
4.732474
5.340014
4.633274
5.222298
4.650874
5.238924
4.676281
5.264124
4.544901
5.284857
4.718540
5.212477
4.665871
5.261051
4.747771
5.248124
4.677247
5.247331
4.825981
5.260655
4.644900
5.269069
4.567272
5.258284
4.798448
5.334619
4.713999
5.208506
4.761024
5.291585
4.658531
5.244324
4.697260
5.246456
4.686107
5.236757
4.686461
5.219688
4.715535
5.273722
4.837172
5.348459
4.843472
5.226243
4.574462
5.246453
4.803211
5.186509
4.836405
5.209338
4.792293
5.228191
4.771936
5.240613
4.663339
5.202005
4.680355
5.295890
4.776554
5.178178
4.761218
5.148325
4.774693
5.195321
4.746451
5.266483
4.745200
5.199347
4.613509
5.261353
4.656499
5.227829
4.817572
5.263405
4.755813
5.232673
4.771739
5.258203
4.666681
5.207299
4.788141
5.174647
4.689960
5.204101
4.721258
5.213655
4.764418
5.198492
4.706527
5.401471
4.684511
5.183268
4.785928
5.222618
4.702323
5.209736
4.678085
5.178815
4.797130
5.237901
4.797174
5.187275
4.699401
5.226207
4.760204
5.297981
4.739409
5.331907
4.728326
5.218068
4.717977
5.228283
4.765450
5.176497
4.720896
5.214290
4.749960
5.191798
4.704528
5.281368
4.761938
5.279796
4.733359
5.241318
4.757500
5.238669
4.649336
5.252200
4.591336
5.250150
4.591275
5.223199
4.731661
5.298290
4.685962
5.244107
4.739247
5.246578
4.774687
5.269542
4.668933
5.215623
4.576978
5.261624
4.660376
5.227396
4.602788
5.226365
4.674713
5.263394
4.762423
5.235872
4.713741
5.285842
4.624111
5.283161
4.740578
5.243813
4.609280
5.265584
4.673055
5.268612
4.651701
5.274847
4.770824
5.238240
4.732510
5.285646
4.801529
5.220789
4.695690
5.253376
4.633663
5.239458
4.733753
5.275638
4.684728
5.221341
4.704251
5.240904
4.718176
5.252429
4.604300
5.287827
4.785513
5.270708
4.594163
5.271590
4.606873
5.233823
4.650375
5.282461
4.644938
5.236011
4.655459
5.232444
4.779106
5.246279
4.696655
5.248160
4.649642
5.263257
4.679478
5.255934
4.832543
5.254816
4.694769
5.220096
4.740218
5.297548
4.773013
5.219822
4.686279
5.286328
4.762782
5.317922
4.769642
5.258311
4.600031
5.314613
4.629987
5.229208
4.652199
5.253723
4.743392
5.252897
4.661697
5.254713
4.738254
5.253349
4.738629
5.354227
4.774854
5.231516
4.738811
5.207273
4.712628
5.219330
4.841002
5.224542
4.634891
5.197735
4.609873
5.245690
4.771711
5.221417
4.665747
5.293437
4.737094
5.213095
4.784532
5.190555
4.788436
5.214309
4.765838
5.246000
4.604226
5.193216
4.664941
5.227429
4.751329
5.184502
4.788728
5.362086
4.617011
5.187267
4.780850
5.249576
4.781423
5.196007
4.792027
5.220527
4.876717
5.203528
4.795436
5.221475
4.767028
5.221661
4.599688
5.325186
4.659564
5.222040
4.716296
5.212571
4.763164
5.181955
4.709767
5.179786
4.780911
5.218506
4.726650
5.217508
4.683624
5.182599
4.842685
5.296383
4.658034
5.187154
4.796766
5.229663
4.752809
5.198658
4.833935
5.215513
4.595296
5.230985
4.777466
5.181131
4.848173
5.211957
4.897141
5.243272
4.830768
5.251056
4.754822
5.192711
4.765589
5.289957
4.630203
5.217442
4.619048
5.255624
4.717604
5.272531
4.666917
5.217892
4.688059
5.309509
4.772183
5.225600
4.696807
5.220454
4.808041
5.234440
4.682696
5.231454
4.771952
5.237979
4.778710
5.232793
4.728051
5.290188
4.782422
5.274733
4.615010
5.219520
4.730794
5.251012
4.726653
5.198061
4.708060
5.254226
4.767658
5.240673
4.740925
5.283437
4.716240
5.339194
4.802661
5.223805
4.683117
5.306171
4.715309
5.211425
4.703498
5.249787
4.696888
