5.249951
4.720355
5.276484
4.825446
5.257501
4.847258
5.281475
4.917907
5.272802
4.786617
5.258949
4.948586
5.285919
4.837199
5.241917
4.975266
5.258076
4.739388
5.334900
4.726653
5.258055
4.891768
5.368881
4.786855
5.215639
4.612429
5.243222
4.674518
5.225614
4.609843
5.275308
4.753107
5.231869
4.803409
5.256988
4.826807
5.222286
4.827965
5.309327
4.923546
5.209301
4.913202
5.268738
4.996737
5.216276
4.754106
5.241436
4.849635
5.212801
4.942558
5.254969
4.881892
5.213717
4.884004
5.347116
4.974366
5.219620
4.708132
5.205554
4.791318
5.228528
4.795385
5.205469
4.852633
5.242701
5.018519
5.306457
4.905111
5.242426
4.879609
5.306285
4.980360
5.249246
4.805814
5.244616
4.860162
5.235421
5.029418
5.266318
4.878645
5.288971
4.765129
5.256009
4.655103
5.295308
4.897598
5.290914
4.638997
5.300741
4.964776
5.263932
4.862290
5.255001
4.644186
5.349087
4.774453
5.244359
4.790637
5.272656
4.793730
5.243196
4.864882
5.354444
4.906370
5.315567
4.535832
5.250889
5.015183
5.357619
4.730593
5.252144
4.763143
5.319795
4.823774
5.222210
4.655537
5.325494
4.919423
5.243525
4.540116
5.287259
4.815251
5.282019
4.710103
5.284606
5.177631
5.276694
4.546931
5.265876
4.815164
5.274266
4.726028
5.339241
4.787371
5.264064
4.800580
5.322951
4.713082
5.253954
4.819066
5.277333
4.690278
5.303833
4.725971
5.280601
4.961217
5.252577
4.753447
5.340025
4.902930
5.241424
4.736142
5.263606
4.852147
5.249805
4.766615
5.235285
4.702425
5.205571
4.921235
5.246771
4.921144
5.244672
4.820766
5.294285
5.047856
5.267810
4.981584
5.224927
4.825850
5.195740
4.930286
5.294195
4.960342
5.241400
4.687818
5.220919
4.807398
5.243221
4.832305
5.321063
4.696439
5.261397
4.941550
5.276224
4.923613
5.206039
4.557042
5.253589
4.746125
5.242500
4.961350
5.430218
4.751543
5.227473
4.961947
5.282762
4.796005
5.254792
4.760171
5.211484
4.702469
5.266791
4.813198
5.254067
4.844219
5.279449
4.773686
5.254111
4.820769
5.289459
4.813055
5.312795
4.913638
5.295890
4.823985
5.243107
4.880821
5.279691
4.805727
5.250758
4.689838
5.286868
4.757816
5.278046
4.948615
5.364156
4.747309
5.339301
4.637393
5.264808
4.888626
5.307255
4.851582
5.257674
4.750043
5.330875
4.857223
5.283114
4.774304
5.283193
4.877426
5.272406
4.988066
5.290740
4.708000
5.297251
4.729819
5.272458
4.855784
5.267866
4.764982
5.308719
4.753831
5.225893
4.953903
5.293264
4.836112
5.365011
4.687591
5.266471
4.909492
5.248989
4.904150
5.211428
4.859633
5.231741
4.887317
5.241312
4.897908
5.228616
4.908599
5.234768
4.851325
5.337850
4.964143
5.238477
4.728343
5.294623
4.942812
5.233760
4.822707
5.238127
4.852028
5.206093
4.870295
5.260094
4.932557
5.221608
5.057527
5.387048
4.776882
5.201020
4.912444
5.245960
4.899247
5.200408
4.787196
5.197381
4.925056
5.216762
5.041055
5.272589
5.014833
5.242316
4.945028
5.424634
5.062126
5.327615
4.575719
5.235339
4.761688
5.269572
4.694167
5.305548
4.675038
5.249409
4.831817
5.298401
4.723188
5.256665
4.850549
5.354647
4.820481
5.266149
4.753757
5.289747
4.807977
5.287404
5.025026
5.277639
4.893660
5.324070
4.654004
5.246627
4.556436
5.282426
4.856141
5.303885
4.825992
5.264262
4.796097
5.244695
4.828017
5.334627
4.729154
5.280690
4.714730
5.246906
4.768575
5.288069
4.752228
5.274776
4.989209
5.302823
4.735850
5.281465
4.842325
5.280339
4.799966
5.334078
4.847494
5.300349
4.797088
5.339203
4.974350
5.236076
4.655863
5.239354
4.956587
5.223605
4.768285
5.260526
4.866049
5.225589
5.001258
5.227544
4.765401
5.239654
4.884668
5.208730
4.862835
5.255820
4.777305
5.327107
4.905484
5.249376
4.770499
5.213394
4.985520
5.267435
4.930381
5.200766
4.860274
5.236521
4.888632
5.273890
5.006488
5.217075
4.889854
5.338412
4.849394
5.188704
4.867631
5.245771
4.839357
5.227069
5.008118
5.172636
4.830555
5.261501
4.892529
5.226502
4.874222
5.273429
4.790687
5.337448
4.893682
5.245432
4.742076
5.265616
4.776043
5.249549
4.731256
5.298538
4.833911
5.235129
4.715752
5.281552
4.826969
5.236642
4.927824
5.423977
4.844395
5.256210
4.856680
5.264285
4.822465
5.246833
4.811501
5.257595
4.627931
5.291390
4.782027
5.272689
4.759101
5.285235
5.081761
5.322671
4.845201
5.240806
4.923497
5.248264
4.943593
5.315266
4.681796
5.281945
4.712741
5.314412
4.839689
5.248075
4.853262
5.404733
4.810357
5.238616
4.720060
5.299169
4.952655
5.280795
4.730627
5.330452
4.853679
5.239462
4.791528
5.238568
4.887592
5.221369
4.903468
5.392508
5.000977
5.219541
4.944058
5.271104
4.730170
5.215857
4.853174
5.225179
4.633883
5.234246
4.835597
5.303782
4.792542
5.243594
4.898756
5.327345
4.871294
5.213078
4.866841
5.229776
5.044931
5.256032
4.912123
5.281858
4.690102
5.217423
4.712553
5.225154
4.751294
5.241942
4.852177
5.308715
4.754114
5.246099
4.828821
5.271061
4.855668
5.250692
4.936090
5.261228
4.864425
5.195312
4.701345
5.213072
4.725122
5.237593
4.770795
5.383912
4.823601
5.261448
4.829604
5.272862
4.937770
5.318715
4.711126
5.251556
4.730571
5.294040
4.877528
5.284966
5.040296
5.296156
4.979259
5.284781
4.728708
5.279876
4.778483
5.257791
4.881124
5.252638
4.923314
5.301844
4.625057
5.285608
4.761274
5.289130
4.759202
5.263371
4.959938
5.257318
4.752730
5.281452
4.801857
5.246347
4.666244
5.361261
4.650638
5.264270
4.891108
5.286892
4.884893
5.317765
4.599256
5.269365
4.864592
5.287397
4.617320
5.271187
4.981074
5.254746
4.752221
5.342581
4.597886
5.286909
4.669861
5.289338
4.776852
5.279396
4.767741
5.268667
4.940840
5.279850
4.623908
5.286626
4.884207
5.312578
4.827539
5.280154
4.782893
5.236609
4.814949
5.245399
4.922856
5.214943
4.591362
5.316891
4.903744
5.217768
4.642603
5.247301
4.847952
5.228812
4.880867
5.215493
4.967677
5.233508
4.728272
5.227447
4.816264
5.262547
4.771401
5.417541
4.753305
5.244270
4.837031
5.206904
4.863222
5.256164
4.901571
5.207799
4.889608
5.240677
4.741096
5.214577
4.847825
5.224395
4.775320
5.350305
4.773958
5.264197
4.992618
5.269692
4.856036
5.209809
4.889062
5.272201
4.753733
5.198874
4.900988
5.249574
4.752164
5.232291
4.817889
5.346022
4.845060
5.211055
5.031665
5.247936
4.823092
5.305324
4.781666
5.260765
4.885909
5.271036
4.820460
5.318248
4.772885
5.236390
4.891736
5.329583
4.770494
5.246294
4.751876
5.291593
4.649754
5.269917
4.807774
5.268439
4.592744
5.231021
4.795602
5.283888
4.966273
5.253075
4.734287
5.308649
4.832847
5.242391
4.800972
5.295363
4.803028
5.253126
4.867082
5.288427
4.789017
5.260481
4.803533
5.295805
4.799185
5.344974
4.695850
5.245425
4.821489
5.318908
4.848505
5.288330
4.815603
5.231405
4.698175
5.309247
4.801207
5.239987
4.844241
5.283135
4.653207
5.335273
4.685893
5.255366
4.844062
5.281454
4.883613
5.286159
4.937880
5.199359
4.992274
5.256823
5.009768
5.307371
4.809160
5.232732
4.995014
5.301197
4.908207
5.229076
4.832168
5.231605
4.734403
5.214838
4.861926
5.290102
4.787225
5.219888
4.836919
5.207802
4.940382
5.212166
4.911144
5.350085
4.853300
5.266574
4.883273
5.287582
4.817413
5.265078
5.018611
5.247757
4.939055
5.250310
4.937248
5.212525
4.932265
5.236150
4.813130
5.329349
4.855010
5.244272
4.962964
5.286205
4.685361
5.276728
4.930624
5.275960
4.997079
5.260813
4.872126
5.308978
4.734360
5.264248
4.903397
5.336553
4.797541
5.283406
4.843126
5.272107
4.826070
5.284818
4.835127
5.303763
4.902917
5.289551
4.854556
5.301966
4.780747
5.270223
4.969454
5.351512
4.814992
5.250264
4.812027
5.258107
4.807022
5.284548
4.795182
5.248253
4.781733
5.324366
4.774170
5.324566
4.670683
5.360327
4.820181
5.258477
4.704929
5.292578
4.802792
5.241760
4.780682
5.270372
4.703984
5.249018
4.836578
5.341941
4.791768
5.220211
4.794111
5.317652
4.933232
5.243248
4.769914
5.242340
4.999951
5.194164
4.884022
5.281212
4.967992
5.200652
4.754353
5.251202
4.878452
5.206710
4.814812
5.329738
4.765315
5.272543
4.733698
5.314355
4.865801
5.218088
4.924789
5.242722
4.822093
5.239105
5.056429
5.233995
4.798174
5.234330
4.519758
5.317127
4.871399
5.242302
4.849718
5.221497
4.825979
5.232976
4.819309
5.231339
4.882633
5.225185
4.849155
5.236727
4.998135
5.208270
4.772068
5.378354
4.835446
5.232821
4.771729
5.289255
4.706818
5.254012
4.846975
5.248361
4.719867
5.276014
4.863655
5.339550
4.725446
5.269947
4.996917
5.292623
4.760703
5.286034
4.830781
5.257071
4.766322
5.290484
4.781361
5.298267
5.016647
5.277275
4.723035
5.273768
4.665786
5.250923
4.737220
5.335846
4.719796
5.307003
4.919402
5.267506
4.844059
5.256692
4.711862
5.283441
4.739205
5.262376
4.893522
5.309647
4.663725
5.253781
5.003905
5.347224
4.946528
5.263451
4.663491
5.224392
4.740591
5.304686
4.794830
5.302776
4.801752
5.247779
4.864315
5.270026
4.673016
5.337282
4.944031
5.277147
4.846044
5.276702
4.821423
5.263918
4.875234
5.203789
4.767432
5.258511
4.681669
5.190051
4.940557
5.230539
4.889656
5.312635
4.920080
5.225238
4.922915
5.248147
4.870878
5.233402
4.788731
5.205563
4.994556
5.249096
4.782505
5.265263
4.785503
5.243745
4.870336
5.305101
4.914222
5.248985
4.779225
5.227333
4.831823
5.227212
4.714095
5.301577
4.747422
5.214559
4.898573
5.236648
4.959439
5.241600
4.894415
5.386899
4.897375
5.211381
4.829275
5.250420
4.985816
5.256875
4.816046
5.278770
4.872644
5.238080
4.893108
5.289886
4.791579
5.236187
4.956115
5.345626
4.783683
