5.506005
5.408944
5.382313
5.400531
5.669795
5.500679
5.406690
5.423587
5.431867
5.419822
5.443860
5.818577
5.485175
6.177526
6.548610
6.329068
6.871779
6.431270
6.727550
5.783812
5.733267
5.477481
5.542516
5.949518
6.052416
6.539744
5.470614
6.547213
7.028165
5.506387
6.327566
5.703040
6.445096
6.172683
5.945524
5.414833
5.377296
5.413955
5.414889
5.456056
5.747862
5.421653
5.381681
5.407385
5.408033
5.388066
5.365915
5.359493
5.566397
5.403444
5.356345
5.376362
5.382322
5.379769
5.411624
11.220449
7.152085
5.789601
5.394611
5.369150
4.907805
5.333687
4.867389
5.372355
4.730912
5.336961
4.725257
5.338960
4.781056
5.373987
4.944636
5.342380
4.845525
5.336953
4.862021
5.379003
4.835732
5.328979
4.837755
5.360372
4.704753
5.319204
4.805932
5.353663
4.853424
5.347288
4.683669
5.319838
4.799627
5.370478
4.751997
5.339566
4.790739
5.333490
4.799978
5.353842
4.768301
5.337463
4.880405
5.352901
4.771650
5.394127
4.637168
5.324788
4.843886
5.363901
4.810646
5.621706
4.672401
5.362005
4.758322
5.362157
4.723314
5.398997
4.741306
5.642041
5.107145
6.634420
5.357278
5.366435
5.368090
5.303675
5.331104
4.942060
5.390254
4.977244
5.467171
4.855064
5.402599
4.872764
5.468841
4.715013
5.358184
4.697531
5.353562
4.824917
5.354533
4.726350
5.373060
4.790744
5.403080
4.706363
5.365991
4.636486
5.396832
4.791154
5.410633
4.619054
5.331353
4.548052
5.411816
4.728984
5.374858
4.720303
5.341864
4.555304
5.395552
4.730867
5.335048
4.612282
5.374078
5.007543
5.377098
4.750354
5.406289
4.765036
5.368510
4.703538
5.316721
4.744634
5.425447
4.841850
5.391324
4.578598
5.412153
4.584188
5.509641
4.805167
5.396177
4.722138
5.417500
4.555546
5.347960
4.692754
5.415476
4.895257
5.357994
4.781290
5.430069
4.779869
5.423772
4.739925
5.483538
4.521938
5.398731
4.707540
5.377021
4.726726
5.426272
4.677537
5.362252
4.799287
5.387435
4.553299
5.357742
4.642293
5.331265
4.725098
5.596796
4.794308
5.342019
4.874735
5.418301
4.538191
5.374515
4.738914
5.403592
4.772468
5.415835
4.606408
5.385186
4.582648
5.335037
4.900299
5.460945
4.652704
5.361637
4.532778
5.350772
4.609716
5.337980
4.655365
5.359367
4.806992
5.376319
4.753197
5.333354
4.834597
5.366357
4.827394
5.459276
4.659269
5.383090
4.794771
5.498160
4.588384
5.423248
4.622370
5.359793
4.683403
5.425856
4.654583
5.370270
4.740013
5.373163
4.860639
5.458245
4.717860
5.618168
5.599109
5.335583
4.487251
5.417261
4.584655
5.344316
4.598989
6.006953
5.160411
5.454749
4.285457
5.756661
5.325220
5.676351
4.937963
7.455474
8.188660
9.300753
7.361799
7.553134
6.832456
7.059873
7.232995
6.000845
6.434529
5.514548
5.909951
5.284099
5.343563
4.583789
5.355814
4.487302
5.389023
4.627674
5.385973
4.550005
5.369850
4.563732
5.375009
4.382788
5.314954
4.635639
5.375687
4.507437
5.370336
4.502376
5.356074
4.860532
5.288074
4.660638
5.392891
4.655379
5.335061
4.510399
5.354815
4.566065
5.304100
4.586280
5.345116
4.740207
5.346079
4.700144
5.339574
4.956314
5.896828
4.638852
5.377729
4.519601
5.372019
4.496077
5.530106
4.639057
5.348443
4.670304
5.357544
4.570885
5.375303
4.579724
5.339695
4.612184
5.361163
4.618546
5.360743
4.471561
5.351157
4.700994
5.416535
4.709970
5.371407
4.732133
5.377411
4.877740
5.347088
4.736793
5.396793
4.701223
5.326229
4.559894
5.388241
4.766303
5.338709
4.711590
5.379540
4.692622
5.366436
4.521656
5.347171
4.687105
5.333817
4.694231
5.380254
4.536874
5.360643
4.753620
5.377216
4.528818
5.342119
4.650886
5.403341
4.600409
5.370984
4.591514
5.346724
4.589456
5.801422
5.338591
6.539260
5.337279
5.300694
5.367695
5.277513
5.382972
4.954709
5.670861
4.889322
5.422392
4.840204
5.443555
4.670689
5.316164
4.698992
5.324643
4.801478
5.351236
4.748356
5.438631
4.539325
5.340014
4.558267
5.511506
4.696053
5.340267
4.588929
5.316932
4.706818
5.345249
4.683599
5.365947
4.719499
5.309216
4.661325
5.387846
4.733089
5.300215
4.795387
5.414528
4.692426
5.323634
4.586513
5.378661
4.727179
5.323597
4.653994
5.329220
4.488331
5.374906
4.467678
5.297191
4.622489
5.394623
4.793276
5.416391
4.669191
5.344444
4.840577
5.285087
4.724856
5.312934
4.749658
5.351951
4.646472
5.311267
4.590137
5.316161
4.776395
5.359222
4.725484
5.365440
4.777331
5.361154
4.615277
5.342655
4.634699
5.356945
4.703946
5.306935
4.469904
5.308632
4.730532
5.301499
4.712788
5.349560
4.705871
5.325979
4.592131
5.365368
4.827692
5.277347
4.788668
5.279144
4.635097
5.337763
4.640427
5.353419
4.720256
5.298618
4.861662
5.358242
4.614684
5.361563
4.666182
5.395009
4.681255
5.411061
4.461825
5.380285
4.679670
5.344484
4.716021
5.337845
4.746733
5.366870
4.541288
5.426217
4.800451
5.343415
4.741705
5.328607
4.758741
5.371797
4.594954
5.365456
4.604569
5.430808
4.550305
5.363131
4.760551
5.341990
4.556539
5.453723
4.731122
5.331957
4.504047
5.353162
4.762364
5.355071
4.694123
5.366392
4.524300
5.339891
4.731184
5.461093
4.731799
5.401426
4.719943
5.547255
4.771449
5.378096
4.673417
5.422403
4.761838
5.403900
4.629076
5.349367
4.644400
5.398688
4.673798
5.456158
4.605121
5.352711
4.519700
5.454516
4.653754
5.391175
4.668955
5.340157
4.719554
5.378191
4.583358
5.426879
4.557763
5.390249
4.742063
5.368649
4.711991
5.339912
4.845445
5.541875
4.694656
5.314699
4.564157
5.463625
4.734964
5.308456
4.720356
5.305520
4.761744
5.349075
4.804067
5.343950
4.758372
5.323497
4.747201
5.424621
4.743925
5.309732
4.723019
5.354112
4.513766
5.372045
4.630610
5.341982
4.754753
5.304171
4.773026
5.423906
4.755368
5.325628
4.983921
5.339411
4.477497
5.306195
4.765519
5.355871
4.761619
5.339760
4.751212
5.355873
4.757843
5.314067
4.661518
5.384228
4.571422
5.348156
4.876867
5.352794
4.482794
5.286318
4.598473
5.322021
4.599286
5.337152
4.727039
5.305966
4.703814
5.318062
4.568979
5.337238
4.561883
5.346420
4.875885
5.310725
4.689122
5.291260
4.753561
5.339451
4.867918
5.322309
4.739575
5.339072
4.790091
5.390191
4.553563
5.350856
4.668969
5.353262
4.840038
5.313815
4.440736
5.368784
4.510505
5.389525
4.522939
5.327407
4.769870
5.352400
4.518265
5.408271
4.574562
5.412318
4.711548
5.454747
4.866174
5.324630
4.631861
5.380662
4.498583
5.410707
4.670183
5.359176
4.683595
5.347237
4.670153
5.377568
4.605127
5.374633
4.785499
5.416133
4.746278
5.399552
4.473237
5.396323
4.767715
5.346249
4.685073
5.421826
4.639469
5.372332
4.647865
5.395087
4.894050
5.329775
4.589413
5.451392
4.811291
5.455390
4.614861
5.334379
4.537101
5.377167
4.603556
5.383253
4.821035
5.369400
4.570519
5.352209
4.635524
5.376425
4.659578
5.442415
4.471258
5.337934
4.455161
5.358831
4.719392
5.375509
4.667641
5.396340
4.682909
5.417374
4.603616
5.367318
4.462591
5.351516
4.691225
5.540604
4.604291
5.449248
4.810427
5.352871
4.513661
5.410982
4.569639
5.347263
4.398560
5.353364
4.499235
5.414667
4.527600
5.426405
4.556269
5.557125
4.449148
5.364862
4.519213
5.352484
4.529952
5.405224
4.710364
5.496708
4.465128
5.424847
4.734031
5.314005
4.482790
5.298296
4.539908
5.558851
4.553284
5.324348
4.845291
5.371325
4.747100
5.323365
4.737044
5.318463
4.741160
5.371455
4.595109
5.321769
4.645406
5.312211
4.681405
5.507150
4.638610
5.346228
4.601818
5.349008
4.809223
5.291311
4.689546
5.315235
4.729706
5.303569
4.728058
5.353902
4.547354
5.314705
4.811008
5.501861
4.839097
5.306678
4.412166
5.301795
4.549554
5.343569
4.569778
5.414893
4.759067
5.322809
4.714567
5.284416
4.852934
5.338143
4.885051
5.504819
4.610646
5.296663
4.612641
5.361048
4.680743
5.345460
4.899577
5.301289
4.553036
5.308905
4.739594
5.342693
4.577041
5.325683
4.649859
5.452389
4.611149
5.332074
4.607020
5.291945
4.576956
5.307887
4.631405
5.322541
4.621673
5.315700
4.621383
5.315443
4.672368
5.352731
4.827964
5.329981
4.707452
5.268340
4.596787
5.334266
4.803705
5.394042
4.604807
5.425995
4.519973
5.354071
4.595342
5.350550
4.587303
5.391108
4.841194
5.347712
4.689792
5.376676
4.554567
5.394229
4.708139
5.360767
4.733636
5.384292
4.602963
5.483193
4.632264
5.335889
4.686682
5.343784
4.605785
5.341476
4.712228
5.362726
4.574829
5.336287
4.581926
5.373217
4.748739
5.372274
4.601111
5.338720
4.824563
5.355539
4.541569
5.474968
4.602259
5.323766
4.730167
5.381765
4.732508
5.326383
4.610823
5.337702
4.830818
5.358318
4.833608
5.422173
4.688748
5.354402
4.658727
5.555816
4.457528
5.354057
4.510981
5.379368
4.506356
5.344364
4.690389
5.398803
4.478747
5.381259
4.543722
5.350712
4.834873
5.396221
4.642946
5.640833
4.723141
5.345306
4.750185
5.372093
4.693943
5.388980
4.600437
5.424580
4.634332
5.337934
4.624533
5.408200
4.678834
5.392471
4.659378
5.463603
4.629449
5.369011
4.655327
5.405620
4.684639
5.347108
4.431775
5.473195
4.656294
5.318701
4.721184
5.357756
4.594194
5.345912
4.792244
5.459592
4.479516
5.307584
4.572598
5.359149
4.753472
5.313519
4.598811
5.305622
4.774697
5.338068
4.548742
5.341383
4.726751
5.315874
4.702659
5.503587
4.704136
5.351027
4.647781
5.358945
4.603002
5.295123
4.744016
5.344142
4.781065
5.336609
4.637033
5.408068
4.578593
5.333173
4.723291
5.459248
4.623648
5.302796
4.482129
5.317431
4.571949
5.320311
4.736939
5.346422
4.734232
5.325483
4.651204
5.323984
4.612531
5.320401
4.869291
5.398771
4.718436
5.291157
4.575438
5.351940
4.758681
