5.222933
4.963952
5.268112
4.931409
5.225011
5.012107
5.214019
4.896008
5.269799
4.968286
5.329681
4.993087
5.331905
4.923214
5.322896
4.686501
5.233968
4.899756
5.241200
4.718324
5.294883
4.658718
5.249298
4.891333
5.259780
4.402313
5.242057
5.034525
5.255770
4.899376
5.268093
5.023996
5.311286
4.856135
5.230930
4.970411
5.298604
5.027333
5.238102
4.881484
5.234736
4.860684
5.167645
4.697191
5.324199
4.779181
5.219869
4.765080
5.214844
4.859415
5.200274
4.796665
5.211899
4.806196
5.238659
4.883256
5.265927
4.811219
5.225443
4.911706
5.285695
5.055480
5.200347
4.892174
5.217658
4.864591
5.209766
4.739659
5.265128
5.012007
5.240044
4.999051
5.240761
4.700794
5.207409
4.890332
5.296262
4.976524
5.208682
4.882619
5.276109
4.679796
5.205154
4.836984
5.224581
4.766119
5.253315
4.928581
5.242967
4.890804
5.220846
5.139194
5.309333
4.797901
5.274129
4.425654
5.233901
4.754077
5.251517
4.866927
5.256209
4.833806
5.226395
4.895156
5.274357
4.726656
5.277354
4.808763
5.282243
4.866080
5.272270
4.888629
5.249242
4.718742
5.241824
4.820233
5.280134
4.896161
5.290824
4.617544
5.277281
4.886164
5.297761
4.846971
5.322608
4.879008
5.289056
4.789424
5.235807
4.743866
5.303556
4.660377
5.271417
4.871582
5.264119
4.683671
5.294171
4.913641
5.295424
4.891378
5.285248
4.538209
5.223969
4.856654
5.276244
4.671060
5.256883
4.947472
5.306077
4.962675
5.319875
5.009779
5.250009
4.753771
5.337280
4.850447
5.188776
4.901826
5.236806
4.791800
5.155700
4.932563
5.259543
4.998898
5.195089
4.772308
5.216023
4.806472
5.200412
4.842716
5.263351
4.790865
5.250636
4.930015
5.245945
4.903433
5.211934
4.679160
5.193438
4.889730
5.209238
4.983233
5.242335
4.831651
5.174397
4.910457
5.301716
5.043758
5.186990
4.737695
5.232885
4.619706
5.258507
4.602376
5.211433
5.035498
5.204675
4.780047
5.287258
4.913398
5.214878
4.919623
5.293338
4.971627
5.280272
4.897341
5.193636
4.738361
5.230085
4.953873
5.215949
5.030673
5.282489
4.683048
5.294224
4.815715
5.288672
4.682806
5.344109
4.924966
5.240872
4.715099
5.286587
4.816832
5.240562
4.659180
5.264307
4.613927
5.263021
4.765609
5.271371
4.887958
5.246800
4.908030
5.365613
4.971691
5.257632
5.001337
5.292751
4.629004
5.273813
4.908296
5.276922
4.779366
5.283750
4.722561
5.285457
4.544153
5.253464
4.780388
5.316424
4.723539
5.243641
4.885303
5.324160
4.742442
5.308590
4.820952
5.204465
4.873455
5.278137
4.977980
5.252446
4.870550
5.284802
5.074523
5.236228
4.668983
5.296894
4.562826
5.243521
4.960733
5.258017
4.746005
5.281750
4.836270
5.265575
4.717298
5.299163
4.654418
5.330654
4.797642
5.203065
4.820231
5.218345
5.018298
5.232241
5.067493
5.242819
4.851270
5.218505
4.845767
5.254435
4.871195
5.236470
4.901618
5.378125
4.890967
5.214824
4.588553
5.216961
4.906021
5.235563
4.846567
5.258907
5.082485
5.212368
4.854246
5.199816
4.864752
5.215140
4.821652
5.307369
4.542007
5.178858
4.748510
5.259311
4.740695
5.237316
4.807245
5.195757
4.779134
5.193397
5.025300
5.245764
4.862825
5.202353
5.074592
5.319954
4.862391
5.232883
4.978356
5.227383
4.793956
5.258346
4.835850
5.282417
4.924565
5.228978
4.983894
5.249658
4.613311
5.232120
4.785408
5.339018
4.451473
5.299159
4.660012
5.288384
4.778887
5.234477
4.980192
5.308017
4.678840
5.300515
4.676692
5.235333
4.837193
5.269002
5.030270
5.318436
4.639193
5.236751
4.867798
5.265570
4.821444
5.283053
4.528974
5.235696
4.843297
5.235614
4.984447
5.276206
4.602142
5.268828
5.004193
5.257419
4.853075
5.328327
4.826410
5.261749
4.725554
5.279675
4.848329
5.222227
4.623782
5.265678
4.934287
5.269095
4.872880
5.225676
4.885319
5.297314
4.693238
5.235864
4.866021
5.245387
4.908498
5.342089
4.986467
5.319410
4.709672
5.267662
5.156365
5.247403
4.931478
5.253355
4.855347
5.182706
4.808479
5.279475
4.977196
5.233725
4.953243
5.224204
4.742971
5.225268
4.509576
5.230694
4.982865
5.225412
4.776228
5.364726
4.688931
5.189838
4.839451
5.215880
4.674337
5.255359
4.892017
5.221859
4.689300
5.234696
4.849041
5.249021
4.739085
5.242300
4.831278
5.342824
4.894910
5.222289
4.704773
5.207746
5.019194
5.270914
4.826654
5.246864
4.859154
5.207444
4.850391
5.246804
4.693919
5.218886
4.498645
5.343677
4.911650
5.187634
4.984715
5.256852
4.623523
5.244585
4.796646
5.220336
4.913235
5.234659
5.037241
5.228797
4.687927
5.250613
4.981741
5.366152
4.627955
5.208876
4.782207
5.277102
4.508691
5.278567
4.683106
5.253563
4.939698
5.240521
5.137421
5.400750
4.841650
6.256795
5.048569
6.010469
4.720622
5.248871
5.167151
5.360219
5.393021
5.211195
5.252466
5.481901
6.173741
5.814940
6.218424
5.275722
5.362853
5.288800
5.302842
5.254924
5.799569
6.107790
5.257233
5.710173
9.716225
10.315124
10.311732
10.281346
10.257607
10.264360
10.248439
10.249833
10.232285
10.209815
10.257777
10.303248
10.279623
10.202325
10.201781
10.270816
10.251727
10.990845
10.207907
10.249402
10.213486
10.399081
10.271414
10.120727
10.204906
11.049314
10.248112
10.193321
10.251297
10.177193
10.812927
10.130194
10.203110
10.219711
9.558540
10.221966
10.150472
10.170046
10.253087
10.189733
10.165902
10.209172
10.183162
10.218891
10.238110
10.162207
10.190632
10.216833
10.205729
10.189187
10.224858
10.272523
10.139658
10.173660
10.173831
10.127184
10.155681
10.215882
10.153339
10.159201
10.166631
10.141245
10.209668
10.161028
10.169298
10.269244
10.018298
10.196814
10.115451
10.176811
10.087629
10.185771
10.118041
10.151043
10.260418
10.222322
10.080097
9.985875
9.522393
10.262237
9.866251
10.005501
9.815699
10.224275
10.248987
10.198789
10.211402
10.183498
9.967192
10.078590
10.162224
10.105139
10.187305
10.240201
10.218785
10.234057
10.217016
10.154065
10.168451
10.131049
10.135811
10.159383
10.181476
10.219195
10.198588
10.253407
10.234526
10.187098
10.162507
10.184146
10.173693
10.168731
10.172700
10.230379
10.206300
10.007772
9.974250
10.059122
10.045314
10.051520
10.221925
10.169612
10.348990
10.299099
10.330904
10.286730
10.261794
10.228774
10.125896
10.230614
10.263024
10.302804
9.693745
10.249222
10.225566
10.127974
10.183029
10.271261
10.237678
10.199539
10.207369
10.202803
10.189136
10.262789
10.255192
10.244885
10.218617
9.603418
10.059284
10.073294
9.986827
9.665014
9.436615
9.728388
10.033066
10.283982
10.147627
10.229957
10.149411
10.194870
10.180466
10.169699
10.183421
10.267145
10.111169
10.188589
10.211236
10.060449
10.249602
10.344610
10.239251
10.184602
10.256412
10.288398
10.129248
10.197551
10.165501
10.203608
10.196282
10.012778
10.013617
9.531512
10.111403
10.012130
10.241596
10.229833
10.194111
10.266435
10.221398
10.186399
10.170949
10.190340
10.168752
10.295931
10.218606
10.167649
10.193238
10.140305
10.229880
10.268919
10.215771
10.203660
10.209022
10.191244
10.205728
10.171768
10.237383
10.195481
10.197810
10.193111
10.231190
10.236507
10.217990
10.223485
10.211617
10.172520
10.196422
10.251191
10.215815
10.192241
10.192882
10.189951
10.231152
10.216099
10.208950
10.165541
10.238985
10.199323
10.193217
10.215462
10.209776
10.199661
10.245020
10.227064
10.194541
10.173288
10.216787
10.230822
10.212877
10.162959
10.202579
10.241767
10.283212
10.202666
10.182435
10.183033
10.234120
10.181306
10.133636
10.183003
10.196693
10.257909
10.213796
10.170999
10.223788
10.230769
10.266519
10.167173
10.193899
10.248698
10.192664
10.178893
10.184669
10.201586
10.293058
10.266044
10.239665
10.272072
10.220533
10.203299
10.255364
10.219706
10.228971
10.214038
10.225753
10.245568
10.193138
10.231576
10.261029
10.308293
10.239027
10.243318
10.229413
10.223201
10.173997
10.168276
10.227126
10.288003
10.212129
10.256882
10.237933
9.470371
9.209229
9.947904
10.233534
10.257329
10.194691
10.194231
10.270794
10.194724
10.190467
10.135414
10.116237
10.252669
10.287594
10.241417
10.144338
10.202321
10.298370
10.271546
10.143366
10.223426
10.242016
10.259596
10.211202
10.208002
10.261993
9.780877
9.770777
10.057983
10.129340
9.005151
7.766418
8.496137
9.927613
9.315443
9.738299
9.750807
10.094828
10.253104
10.160804
7.186400
8.948001
9.239155
9.357490
9.053934
9.882705
10.174329
9.699480
7.253342
9.337215
9.092602
9.151954
9.439015
9.796634
9.946577
10.129719
10.212738
7.741442
8.768362
9.130403
9.185544
9.565162
9.898554
10.118861
9.833544
7.299837
8.658794
8.716239
9.643070
9.867521
10.158781
9.721103
6.697138
8.962612
8.893468
9.308591
9.815010
10.067243
9.405845
7.382403
7.997830
9.197984
9.631990
10.012540
10.167717
9.813091
7.234297
7.968652
9.222650
9.664104
10.006022
10.127892
9.966919
9.120190
7.387348
8.745161
8.320495
9.430402
9.473420
9.689055
8.791017
7.608836
8.882947
9.230948
9.399403
9.830851
10.104142
10.124447
7.640179
8.652550
9.070975
9.080758
9.219958
9.667344
9.418556
10.231909
9.767749
10.228986
10.281373
10.216815
10.311491
10.135948
10.308431
9.915867
10.267334
10.225260
9.264577
9.649378
10.194601
10.210045
10.195486
10.124045
10.247177
10.107834
10.052746
10.183933
9.760895
10.029870
10.199327
9.980277
10.088018
9.871348
9.527100
10.010380
10.175409
10.282568
10.181640
10.209926
10.214613
10.224382
10.206768
10.297802
10.155548
10.183508
10.159284
10.089267
10.144963
10.205753
10.212905
10.043290
10.179905
9.946799
10.192339
10.185817
10.151984
10.211146
10.102737
10.179897
10.122253
10.282584
10.245961
10.176113
10.202349
10.206831
10.136616
10.059323
10.163635
10.239305
10.205181
10.056462
10.197934
10.250574
10.155555
10.156682
10.152652
10.222865
10.210081
10.108608
10.131378
10.190490
10.161741
10.064053
10.229389
10.232726
10.249394
10.069074
10.165847
10.249410
10.183584
10.183412
10.116674
10.096849
